50

6
1 1 2 1 2 
2 0 2 1 0 
2 1 1 1 0 
1 0 0 1 2 
2 1 1 0 0 
0 2 2 2 1 

7
0 0 2 0 2 
1 2 2 1 1 
1 2 2 2 1 
0 2 2 2 2 
1 0 2 1 0 
1 0 1 1 1 
1 2 0 0 2 

8
2 0 2 2 0 
1 1 2 2 2 
0 2 1 1 0 
1 2 2 1 2 
0 1 1 1 0 
1 1 1 2 0 
1 1 2 0 2 
1 2 1 2 0 

9
0 0 2 2 0 
2 2 1 2 0 
0 2 2 0 2 
2 2 2 1 2 
1 2 0 0 0 
2 2 0 1 1 
0 0 0 0 2 
0 2 2 2 2 
0 2 2 0 0 

9
0 2 0 2 1 
2 1 2 1 1 
2 0 0 2 1 
1 0 1 0 1 
2 0 2 2 0 
1 0 0 2 2 
0 1 0 0 0 
1 2 2 2 2 
0 2 2 0 2 

6
2 0 1 0 1 
0 2 0 0 2 
1 0 2 2 0 
2 0 1 0 0 
2 1 1 0 0 
2 2 1 1 2 

6
2 2 2 0 0 
0 1 1 1 1 
2 2 2 1 2 
2 1 0 2 1 
2 0 0 1 1 
0 0 2 0 2 

5
1 0 2 1 0 
2 2 1 2 1 
2 0 1 0 2 
0 2 2 0 2 
2 2 2 2 2 

7
2 0 2 0 1 
1 2 1 2 0 
0 2 2 0 2 
2 2 2 1 1 
2 0 2 2 0 
1 1 0 2 1 
1 2 0 1 0 

9
0 1 1 2 2 
1 2 0 0 1 
2 0 0 0 0 
1 2 1 2 1 
1 1 2 1 1 
1 1 1 0 1 
1 1 0 2 1 
1 1 1 1 2 
1 1 2 2 0 

12
0 2 0 2 2 
1 2 0 2 2 
0 0 0 2 1 
0 2 0 1 2 
2 2 0 2 1 
2 0 2 0 0 
2 2 0 0 0 
0 2 2 2 2 
2 1 2 0 1 
1 0 1 0 1 
2 0 2 1 2 
1 2 2 1 1 

8
0 0 0 0 2 
0 1 1 1 1 
2 0 1 0 1 
2 2 0 1 2 
2 0 0 2 1 
1 2 0 1 1 
1 1 1 2 2 
0 0 2 1 2 

5
1 1 2 1 1 
0 2 2 1 2 
1 0 1 1 1 
1 2 1 1 1 
1 0 1 1 2 

7
2 1 0 1 0 
2 0 2 0 2 
1 0 2 0 1 
0 1 0 0 2 
0 0 1 0 0 
1 1 2 0 1 
1 0 0 0 0 

12
2 2 2 1 2 
2 1 1 2 1 
1 2 1 0 0 
2 1 1 1 2 
0 2 1 0 2 
2 1 2 1 0 
2 2 2 1 2 
0 1 0 2 1 
2 1 2 0 1 
0 0 2 1 1 
1 0 2 2 1 
2 2 1 1 2 

7
1 0 0 2 0 
1 2 1 0 0 
2 0 1 2 2 
2 0 2 2 0 
2 1 0 0 2 
0 2 1 0 2 
1 0 0 1 0 

9
0 0 2 1 1 
0 1 2 2 1 
1 1 2 2 0 
2 0 1 1 2 
2 0 2 0 2 
2 1 2 1 1 
1 2 0 0 2 
0 1 2 1 0 
1 0 1 1 2 

11
2 0 0 1 0 
2 1 2 2 1 
1 1 0 2 0 
1 2 0 0 2 
0 0 2 1 1 
0 2 0 1 0 
0 0 0 1 1 
2 2 1 2 1 
1 2 0 2 0 
1 2 0 2 2 
1 1 2 2 0 

6
1 0 2 0 1 
1 0 0 0 0 
2 2 0 1 0 
0 2 0 2 1 
0 0 1 0 0 
1 0 0 0 0 

9
0 0 1 1 0 
0 1 2 1 2 
0 1 2 2 2 
2 2 2 0 2 
2 0 1 2 1 
0 0 0 1 2 
0 0 2 2 2 
2 2 1 1 0 
1 2 2 0 1 

10
1 1 0 2 1 
1 0 2 0 2 
1 2 2 0 1 
1 2 0 1 0 
1 0 0 2 1 
2 2 2 2 0 
2 0 0 0 0 
2 2 0 0 2 
0 0 2 2 1 
0 0 0 2 0 

6
0 1 0 0 1 
2 2 0 1 1 
2 0 0 2 1 
0 2 0 2 0 
2 2 1 1 0 
1 2 2 1 0 

12
2 2 1 2 2 
0 1 1 2 2 
1 0 1 0 2 
2 0 2 2 0 
2 1 0 1 2 
1 2 1 1 0 
0 1 2 1 0 
2 1 1 1 1 
1 1 1 2 2 
0 1 2 2 1 
2 1 2 0 2 
1 0 2 0 2 

8
1 2 1 0 0 
0 1 1 0 1 
0 0 1 0 2 
2 1 1 0 1 
1 2 0 0 1 
1 1 1 2 0 
1 1 2 2 2 
2 2 2 0 1 

11
0 0 2 1 2 
2 1 1 1 2 
1 1 2 0 2 
1 1 1 1 2 
1 0 0 1 2 
1 0 0 2 1 
0 0 1 1 1 
1 2 0 2 1 
2 0 2 2 0 
2 1 1 2 1 
1 2 0 2 2 

9
2 2 0 2 1 
0 2 0 0 2 
2 0 2 0 1 
1 1 0 0 1 
2 1 2 1 2 
0 0 0 1 2 
2 2 2 0 1 
2 0 0 2 0 
2 0 0 1 2 

5
0 2 1 2 1 
0 0 2 2 2 
2 1 2 1 1 
1 0 0 1 1 
0 2 1 0 2 

12
0 1 0 0 0 
0 1 0 2 0 
1 2 1 0 1 
1 0 1 0 2 
2 2 0 0 1 
2 0 2 2 1 
0 0 1 0 0 
2 0 2 0 0 
1 1 0 0 0 
1 0 2 1 2 
2 1 2 2 0 
1 0 2 2 0 

10
2 1 0 0 1 
2 2 0 2 2 
2 2 1 0 0 
2 2 1 1 2 
0 1 1 2 1 
0 0 2 2 0 
0 0 1 1 1 
0 1 1 0 0 
1 0 2 0 0 
0 2 2 2 1 

12
0 1 2 2 2 
2 0 2 2 0 
2 2 1 1 2 
0 2 1 0 2 
1 1 2 2 0 
2 2 0 0 2 
1 0 0 2 1 
2 0 0 1 0 
0 2 0 0 1 
2 1 1 1 1 
0 0 2 2 1 
2 0 1 1 0 

5
1 1 0 2 0 
2 2 0 2 0 
0 0 1 0 2 
2 2 0 2 0 
2 0 0 0 1 

6
2 0 1 1 0 
2 1 0 1 1 
1 0 1 0 1 
2 1 0 0 0 
2 0 2 1 2 
2 0 2 1 1 

7
0 2 1 1 1 
1 0 2 1 0 
1 1 2 0 0 
1 1 1 1 1 
1 2 0 2 0 
2 0 0 1 1 
2 2 2 1 2 

12
1 0 0 1 2 
1 2 0 2 1 
0 0 0 2 1 
0 1 1 0 0 
2 1 0 1 2 
0 2 1 2 2 
2 2 1 2 2 
1 1 0 1 0 
1 2 1 2 1 
1 2 0 2 1 
0 1 1 1 1 
1 0 0 0 1 

6
2 2 2 0 1 
2 2 1 0 2 
2 0 1 2 2 
2 0 2 0 0 
1 2 2 0 0 
1 1 0 1 2 

6
0 1 1 1 0 
2 2 2 0 0 
1 2 2 0 2 
0 0 1 0 2 
2 2 1 2 1 
2 1 2 2 0 

11
0 1 2 0 0 
2 2 2 1 2 
1 2 1 2 1 
0 1 2 1 1 
2 2 2 0 0 
2 0 1 2 2 
2 1 2 0 1 
1 2 1 0 1 
1 0 2 2 2 
1 1 0 0 1 
1 2 0 1 2 

11
1 2 0 1 0 
2 1 0 0 2 
0 0 2 0 1 
2 2 0 0 1 
1 0 2 0 2 
1 0 0 0 0 
2 1 2 2 1 
1 2 2 2 0 
1 0 0 0 1 
0 0 2 1 1 
2 0 0 0 1 

5
0 2 1 1 2 
1 1 2 2 2 
1 2 0 1 2 
0 1 1 1 1 
0 2 0 0 2 

12
2 2 2 0 0 
1 1 1 1 0 
1 0 0 2 1 
0 2 2 2 1 
1 0 2 0 1 
0 2 2 2 1 
0 2 1 1 2 
2 0 2 0 0 
2 1 1 0 0 
2 2 2 1 2 
2 2 0 2 1 
0 0 0 1 1 

10
2 0 0 1 1 
2 0 0 0 0 
2 0 2 1 0 
1 0 1 2 0 
0 0 2 2 2 
1 0 1 2 2 
2 0 0 2 0 
2 1 2 1 1 
1 0 2 1 1 
1 1 2 1 2 

8
1 0 2 2 0 
0 1 0 1 0 
0 0 0 1 2 
1 0 2 0 2 
1 0 2 0 2 
0 1 0 0 0 
0 1 1 1 1 
2 1 1 0 1 

8
0 1 2 2 0 
2 0 0 1 1 
1 0 0 1 0 
2 2 1 2 0 
0 2 0 0 1 
2 0 2 1 2 
0 1 0 2 2 
2 2 2 2 1 

7
0 2 2 2 2 
2 1 0 0 1 
1 1 0 1 2 
0 2 2 0 0 
2 0 0 2 1 
0 1 1 2 0 
1 2 1 0 2 

7
2 0 2 1 0 
1 0 1 1 0 
1 1 2 1 1 
2 0 2 2 0 
2 0 2 1 1 
2 2 0 2 2 
1 0 0 0 1 

12
0 2 1 0 0 
1 2 1 0 1 
1 1 1 1 0 
2 1 0 0 1 
0 2 2 1 2 
1 2 2 2 2 
2 2 0 0 1 
2 2 1 0 0 
2 1 2 1 1 
1 2 0 0 0 
2 1 2 0 2 
1 2 2 2 2 

9
0 2 2 2 0 
0 1 0 2 0 
0 0 0 2 0 
2 2 2 0 1 
0 0 0 1 0 
0 2 2 2 0 
2 0 2 0 0 
2 2 2 1 2 
0 1 1 1 0 

9
2 1 2 2 2 
1 0 2 1 2 
0 1 1 2 0 
1 1 0 0 0 
1 1 1 1 0 
0 2 1 2 1 
1 0 0 1 1 
2 0 0 1 0 
2 2 0 2 1 

10
2 2 1 2 0 
2 0 2 0 0 
1 2 1 2 0 
2 0 0 1 1 
2 1 1 0 1 
0 1 2 1 1 
0 0 1 2 0 
0 1 1 1 2 
1 0 0 1 1 
1 2 1 2 1 

5
2 1 2 1 1 
0 1 0 0 0 
2 1 1 1 1 
1 2 2 1 1 
2 2 1 2 2 
