50
54 65 0 339442840066549
15 80 0 45842754826580
78 45 25 836757564541231
88 33 24 527978013399
51 16 58 3105320517669
61 80 83 497079350504
37 96 0 284897313181813
77 8 77 28334864824638
56 8 18 174189973030
100 71 94 40938910354
11 66 0 62753369521491
96 38 90 2762433039070
14 47 0 117910384188861
15 39 60 156214902752286
68 74 40 328229694194
21 5 86 18353978584672
35 28 69 10400966777606
6 78 56 219792837965490
76 13 76 1177553093491
6 49 70 6992814108232
61 62 0 564376970680067
4 10 41 848029399675
91 83 14 983867763892409
92 96 0 631996786986384
85 45 5 6397047433245
97 79 11 1284654780560
53 91 28 75310997439894
98 75 27 3493818184308
81 88 32 281861870723460
70 22 73 85988028498581
59 77 30 967273531145182
95 21 28 830681683510929
47 20 58 2018726961865
63 19 0 165158098688296
21 10 0 42168956750095
92 88 22 9144564727934
4 4 0 10053277920772
88 5 97 101490774178797
40 16 43 102331619083877
84 49 82 22034279719958
36 11 68 70122917029243
85 42 9 113171095896586
85 75 92 6884484774438
53 68 17 3084099836854
86 83 89 65227648308667
77 72 0 188746165488048
97 70 41 286266441166368
91 76 0 406113649891788
68 64 96 60086786066792
31 49 0 11863959055936
