50

5
1 0 0 1 0 
1 1 1 1 1 
1 0 0 1 0 
1 3 0 0 0 
1 0 0 0 0 

6
1 1 1 0 1 3 
1 0 1 1 0 1 
0 0 1 0 1 0 
0 1 0 1 0 0 
1 0 0 0 0 0 
1 0 1 0 1 0 

7
1 0 0 1 1 0 0 
1 0 1 1 1 1 0 
1 1 1 0 0 0 0 
1 0 0 1 0 0 0 
0 1 1 1 0 0 1 
0 0 1 0 3 0 0 
1 1 1 0 0 1 1 

8
0 0 1 0 0 1 1 3 
1 0 0 0 0 0 0 1 
1 1 0 1 0 1 1 1 
1 0 0 0 0 1 0 1 
1 0 0 1 1 1 1 0 
1 1 1 1 1 1 1 1 
0 0 0 0 1 0 0 0 
1 0 1 0 0 0 1 1 

27
0 1 0 0 0 1 1 1 1 1 0 1 1 1 0 0 0 1 0 0 0 0 0 1 0 1 1 
0 0 0 0 1 0 0 1 0 1 0 0 1 0 1 0 1 1 0 0 1 1 1 0 0 1 0 
0 1 0 1 1 0 0 0 0 0 0 1 1 0 1 1 0 0 1 1 0 0 0 1 0 1 0 
0 0 1 1 0 0 0 1 0 1 0 0 0 1 1 0 1 1 1 0 0 0 1 0 1 0 0 
0 0 0 1 0 1 0 0 1 0 0 0 0 1 0 1 1 0 0 1 0 0 1 1 0 0 1 
0 1 0 1 1 1 0 1 1 1 0 1 0 0 1 0 1 1 0 0 1 1 1 0 1 0 0 
0 0 0 0 1 1 1 0 0 0 1 0 1 1 0 0 0 1 1 0 1 1 0 0 1 0 1 
1 1 0 0 0 1 1 1 1 0 0 1 1 0 0 0 0 0 0 1 1 0 1 1 0 0 1 
1 1 0 0 1 1 1 0 1 1 0 1 0 0 1 0 1 0 0 0 1 0 1 0 1 1 0 
0 1 1 1 1 0 1 1 1 0 0 0 0 0 1 1 1 0 1 0 0 0 0 1 0 0 1 
0 0 0 1 0 0 0 0 3 0 1 1 1 0 1 0 1 0 0 0 0 0 1 0 0 1 1 
0 1 1 0 0 1 1 0 1 1 0 0 1 0 0 1 1 1 1 1 0 1 0 0 1 1 0 
1 0 1 1 1 0 0 0 0 1 1 1 1 0 0 0 1 1 1 1 0 0 0 1 0 0 1 
1 1 1 1 1 0 1 0 0 0 0 0 1 0 0 0 1 0 1 0 1 1 1 1 1 1 0 
0 0 0 0 1 1 0 0 1 1 0 1 0 0 1 1 0 1 0 0 1 1 0 0 1 1 1 
0 1 1 0 0 1 1 1 0 0 1 0 1 0 0 0 0 0 1 1 0 1 0 1 1 1 1 
0 0 1 0 1 0 1 0 1 0 1 0 0 1 1 1 0 1 1 0 0 0 0 0 0 1 0 
1 1 0 0 0 1 0 1 1 0 0 0 0 1 1 0 1 1 0 0 0 0 0 1 1 0 0 
0 1 0 1 0 1 0 0 0 1 1 1 1 1 0 0 1 1 1 1 1 1 0 1 1 1 0 
0 0 0 0 1 1 1 0 0 1 0 1 0 0 1 0 0 1 0 0 0 1 0 0 0 1 0 
0 0 0 1 0 1 1 1 0 0 0 0 0 1 1 0 1 0 1 1 1 1 0 1 1 0 0 
0 0 0 0 1 0 0 0 1 0 0 1 0 0 0 0 1 1 1 1 1 0 0 1 0 0 0 
0 0 0 0 1 1 0 1 0 0 1 0 0 0 1 1 0 1 1 0 0 1 0 1 0 1 0 
1 1 1 1 0 1 0 1 1 0 0 0 1 0 0 1 1 0 0 0 1 1 0 1 0 0 0 
0 0 0 0 0 1 0 0 0 0 1 1 1 1 1 1 1 0 1 1 1 1 1 1 1 1 1 
1 1 1 1 1 1 0 0 0 0 1 1 1 0 0 1 0 1 0 0 1 0 0 1 1 1 1 
0 0 0 1 1 1 0 0 0 0 1 0 1 1 1 0 1 0 0 0 1 1 1 1 1 0 1 

28
0 0 0 0 0 0 0 1 0 1 1 1 0 0 1 1 0 1 1 1 0 1 1 1 0 0 1 1 
0 0 1 0 1 1 1 0 1 1 1 0 0 1 1 0 0 1 1 0 1 0 0 0 0 0 0 1 
1 0 0 0 1 0 1 1 1 0 0 1 1 1 1 0 0 3 1 0 0 0 0 0 1 0 1 1 
1 1 1 1 1 1 0 1 1 0 0 1 1 1 0 1 1 1 1 0 0 1 0 0 1 1 1 0 
1 1 1 0 1 1 1 1 0 0 0 1 1 0 1 0 1 0 1 0 0 1 0 0 1 0 1 0 
0 1 1 1 1 0 0 0 0 1 0 1 0 1 0 1 1 0 1 0 0 0 1 1 0 1 0 1 
0 0 1 0 0 1 1 0 1 0 0 1 1 0 0 0 1 0 0 1 0 1 0 0 0 1 0 0 
1 1 1 0 1 1 1 1 1 1 1 1 0 0 1 0 1 0 1 0 1 1 0 1 0 0 0 0 
1 0 1 1 0 1 0 1 1 1 1 1 0 1 1 1 0 0 0 1 1 0 0 1 1 1 0 0 
1 1 0 1 1 0 1 0 0 1 0 0 1 0 1 1 0 0 1 1 0 1 1 0 1 1 0 0 
1 0 0 0 0 0 1 1 1 1 1 1 1 1 1 0 1 1 0 0 1 1 1 1 1 1 1 0 
0 1 0 1 0 0 0 1 1 1 0 1 0 0 1 1 1 1 1 1 1 1 1 1 0 0 1 1 
1 1 0 1 1 0 1 0 1 0 1 0 1 0 0 0 1 1 0 1 0 1 0 1 0 0 1 1 
0 1 0 0 0 0 0 1 0 0 0 0 0 1 1 0 0 0 0 1 1 1 1 0 0 1 0 1 
1 0 0 1 1 1 0 0 0 1 1 1 1 1 0 0 1 0 1 1 1 1 1 1 0 0 0 0 
1 1 1 0 1 1 1 0 0 1 0 0 0 0 1 1 1 0 1 0 1 0 0 0 1 0 1 0 
1 0 1 0 0 1 1 0 0 0 0 1 0 0 1 1 0 0 0 1 1 1 0 1 1 1 0 1 
0 1 1 1 0 1 1 0 0 1 0 0 1 1 0 0 0 1 1 1 0 1 1 0 0 1 0 0 
1 1 1 1 0 1 1 0 1 1 1 1 0 1 1 1 1 0 0 1 0 0 0 1 1 0 1 1 
0 1 1 0 0 0 1 0 1 1 1 0 0 0 0 1 1 0 0 0 0 0 1 1 1 1 0 0 
0 1 1 1 1 1 1 0 1 0 1 1 0 0 1 0 0 1 0 0 0 1 1 0 0 1 1 1 
1 0 1 0 0 1 0 0 0 0 1 1 1 1 0 1 1 1 1 1 1 1 0 1 0 0 1 0 
1 0 0 1 0 1 1 1 1 1 1 0 0 1 0 1 0 1 0 0 0 0 0 0 0 1 0 0 
0 0 1 1 0 1 0 0 1 0 1 1 1 1 1 0 1 0 0 0 0 0 1 0 0 1 0 0 
1 1 1 0 1 1 0 0 1 0 1 1 0 0 1 0 0 0 1 0 1 1 0 1 1 1 1 0 
0 0 1 1 0 0 0 1 0 1 0 0 0 0 1 0 1 1 1 1 0 1 0 0 0 1 0 0 
0 1 1 1 0 0 1 0 0 1 0 1 1 0 1 1 1 1 0 1 1 0 1 0 0 1 1 1 
1 0 0 0 0 0 1 0 0 0 0 0 0 1 0 0 1 1 1 0 0 0 0 1 0 0 1 1 

41
1 1 0 1 1 0 1 1 1 1 1 0 1 1 0 0 1 0 1 0 0 0 0 1 0 0 0 1 1 1 0 1 1 1 1 0 1 0 0 1 1 
1 0 0 0 1 0 1 0 0 1 0 0 1 0 1 1 1 0 0 1 1 1 0 0 1 0 1 0 1 1 1 1 0 0 0 0 0 1 0 0 1 
1 1 0 1 1 1 0 1 0 0 0 1 1 0 1 1 1 1 0 0 0 0 0 0 0 1 0 0 1 0 1 1 0 1 1 0 1 0 1 0 0 
1 0 1 1 0 0 0 0 1 1 1 1 1 0 0 1 1 0 1 0 1 0 1 1 0 0 0 1 0 1 1 1 1 0 0 1 1 0 0 1 1 
1 0 1 0 0 1 1 1 0 0 0 1 1 0 1 0 0 1 1 0 1 0 0 0 0 1 1 1 1 0 1 0 1 0 1 0 0 0 0 1 1 
0 0 0 0 1 0 1 1 1 1 1 0 1 0 0 1 0 0 0 1 1 0 1 0 0 1 1 1 0 0 1 1 1 1 1 0 0 0 1 1 0 
1 0 0 0 0 1 0 0 1 0 1 1 0 0 0 0 0 0 1 1 0 1 1 0 0 0 0 0 0 0 1 1 0 1 1 1 1 0 1 1 0 
0 1 1 0 1 0 0 0 1 1 0 1 0 0 1 1 1 0 0 1 1 0 0 1 1 0 1 1 1 0 1 0 1 1 1 1 1 0 0 1 1 
0 1 1 1 1 1 1 1 1 0 1 0 0 1 1 0 0 0 1 0 1 1 0 1 1 0 1 1 1 1 0 1 1 0 1 1 0 1 0 1 1 
0 0 1 1 1 0 0 1 1 1 0 0 0 0 1 1 0 1 1 1 1 0 1 0 1 0 1 1 0 1 1 1 0 0 1 0 1 0 1 1 0 
1 0 0 0 0 1 0 0 1 0 1 0 1 1 1 0 0 0 1 0 1 1 0 0 1 0 0 1 0 1 0 0 0 1 0 0 1 1 0 1 0 
0 1 0 0 0 1 0 1 1 1 0 0 0 0 1 0 0 1 1 1 0 0 1 0 1 1 1 1 0 0 0 0 1 1 1 0 0 1 0 1 1 
1 0 1 1 0 1 0 1 1 1 0 1 1 1 1 1 0 1 1 1 0 1 1 0 0 1 0 1 0 1 0 1 1 0 0 0 1 0 1 0 1 
1 1 0 0 1 0 0 1 0 1 1 1 1 1 0 0 1 0 0 1 1 0 1 1 0 1 1 1 0 0 1 1 0 0 1 0 1 1 1 0 1 
1 1 1 1 1 1 0 1 0 1 0 0 1 0 1 0 0 0 1 0 0 0 0 1 0 0 1 0 0 1 0 0 1 1 1 0 0 0 1 0 0 
0 0 0 1 1 1 0 0 1 1 0 0 1 1 0 0 0 1 0 1 1 0 0 1 1 0 1 0 0 0 1 1 0 0 0 1 1 1 0 0 1 
0 0 1 0 0 1 1 0 1 0 0 1 1 0 1 1 1 1 0 1 1 1 0 0 0 1 0 1 1 0 0 1 1 0 1 1 0 1 0 0 1 
1 1 1 1 0 1 1 0 0 1 0 0 0 1 0 1 0 0 0 0 0 1 0 0 0 1 1 0 0 0 0 0 0 0 0 0 1 0 0 1 1 
1 1 0 1 1 0 0 0 0 1 1 0 1 1 0 1 0 0 0 0 0 1 1 1 1 0 0 0 0 0 0 0 0 1 0 0 0 0 0 0 0 
1 1 0 1 0 1 1 0 1 0 1 0 0 0 0 1 1 0 0 0 0 1 1 0 0 1 1 1 1 0 1 0 0 1 0 0 0 1 0 1 1 
0 0 0 1 1 1 0 1 1 0 1 1 0 0 0 0 0 0 0 0 0 1 0 1 1 0 0 1 1 1 1 1 1 0 0 0 1 1 1 1 1 
1 0 0 0 0 1 0 0 1 0 1 1 1 0 1 1 0 1 0 1 0 0 1 1 0 0 1 0 0 1 1 1 0 0 1 1 0 0 0 0 1 
1 0 0 1 1 1 1 1 1 0 0 1 0 0 0 0 1 1 1 1 1 1 1 1 0 0 1 0 1 1 0 1 0 1 1 1 1 1 1 0 1 
0 1 0 1 0 1 0 0 0 1 1 0 0 1 0 1 0 1 1 1 1 1 1 0 1 1 1 1 1 1 0 0 0 1 1 0 1 1 0 0 0 
0 0 1 0 0 1 1 1 1 1 1 1 1 0 1 0 1 0 0 0 0 0 0 1 0 1 0 1 1 0 1 0 1 1 1 0 1 1 1 0 0 
1 0 1 0 0 1 1 1 1 1 1 0 0 0 1 1 0 0 0 0 1 1 1 0 0 0 0 0 0 1 1 1 0 1 1 0 1 1 1 0 1 
1 0 0 1 0 1 0 0 0 1 1 1 1 1 0 1 1 0 1 0 1 1 0 1 0 0 0 1 0 1 1 0 1 1 1 0 1 1 0 0 0 
1 1 0 0 0 1 0 0 0 1 1 1 1 1 1 0 0 0 1 1 0 1 0 0 0 1 1 1 0 1 1 0 1 1 0 1 1 1 0 0 1 
1 1 1 1 1 1 1 0 0 0 0 0 1 1 1 1 1 1 1 1 1 0 0 0 1 0 1 1 1 1 0 0 1 1 1 1 1 1 0 0 1 
1 0 1 1 1 0 1 1 0 1 1 1 1 0 1 1 0 1 0 1 0 0 0 0 1 1 1 0 0 0 0 1 0 0 1 1 0 1 1 1 1 
0 1 0 1 1 0 0 0 0 0 1 1 0 0 1 1 1 1 0 1 0 1 1 0 0 0 1 0 1 0 1 1 1 0 1 0 0 1 0 1 1 
0 0 0 0 1 0 1 1 0 0 1 0 0 0 0 0 1 1 1 1 1 0 0 0 1 0 0 0 0 0 0 0 0 0 1 0 0 1 0 1 0 
1 1 0 1 0 0 0 0 1 0 1 1 0 1 1 1 0 0 1 1 0 0 1 0 1 1 1 1 1 0 0 0 1 0 1 1 0 1 1 0 1 
0 0 1 1 1 0 0 1 0 0 1 1 0 1 1 0 0 1 1 0 1 0 0 1 1 1 1 0 0 1 0 1 1 0 1 0 0 0 0 0 1 
0 0 0 1 0 1 0 0 1 0 1 0 0 0 1 0 0 1 1 1 1 1 0 0 3 1 0 1 0 1 0 1 0 1 0 1 1 1 1 1 0 
0 0 0 1 0 1 1 1 0 1 1 1 0 0 1 0 1 1 1 0 0 1 1 0 0 0 1 0 1 1 1 1 0 0 1 0 0 0 0 1 1 
0 1 1 0 1 1 0 1 0 0 1 0 1 0 1 0 0 0 1 0 1 1 0 0 0 1 0 0 1 0 1 1 1 0 1 0 1 1 1 0 0 
0 0 0 0 0 1 1 0 1 1 0 0 0 0 1 1 0 0 1 0 0 1 1 0 1 1 1 1 0 1 1 0 1 1 0 0 0 0 0 0 0 
1 0 1 1 0 0 1 1 1 0 1 1 0 1 1 0 0 0 1 1 0 0 0 1 1 0 0 1 0 0 1 0 1 1 1 0 0 0 1 0 1 
0 0 0 1 0 1 0 1 0 0 0 0 1 1 0 0 0 1 0 1 0 0 0 0 1 1 1 1 1 1 0 0 0 0 1 1 0 0 1 1 0 
1 0 0 1 1 0 1 1 1 1 1 1 0 0 0 1 1 0 1 0 0 1 0 0 0 1 0 1 0 1 0 0 0 0 0 1 1 1 1 0 0 

47
1 1 1 0 0 1 0 1 1 1 0 0 1 1 1 0 0 1 0 0 1 1 1 0 1 0 0 1 1 0 0 1 1 0 0 1 0 0 0 0 0 1 0 0 0 1 1 
1 1 0 0 1 0 0 0 1 1 0 0 0 0 0 1 1 0 0 0 0 1 1 1 0 1 0 1 1 0 1 1 0 1 1 0 1 0 0 0 1 1 0 0 1 1 1 
0 0 1 0 1 0 0 0 0 0 1 1 0 0 1 1 1 0 1 1 0 0 0 1 1 0 0 1 1 0 1 0 1 0 1 0 0 0 0 1 1 1 1 0 1 1 1 
0 0 1 1 1 0 1 0 0 1 0 1 1 0 1 0 0 0 0 0 1 1 0 1 1 0 0 0 0 0 1 0 0 0 1 1 1 0 1 1 1 1 0 1 0 0 1 
1 1 0 1 1 1 0 1 1 1 1 1 1 1 0 1 0 0 0 1 0 0 1 1 0 0 1 1 1 0 0 0 0 0 0 1 1 1 1 1 1 1 0 1 1 0 0 
1 0 0 0 0 0 1 1 1 1 1 0 0 0 1 0 0 1 1 0 0 1 1 1 0 0 0 0 0 0 1 1 0 0 0 0 1 0 0 1 0 0 0 0 0 0 1 
0 1 1 0 0 1 0 1 0 0 1 1 0 0 0 0 0 1 0 0 1 1 1 0 1 0 1 0 1 0 0 0 0 0 1 1 0 0 0 1 1 1 0 0 1 1 1 
1 1 0 1 1 1 1 1 0 0 1 0 1 0 0 1 1 1 0 0 0 0 0 1 1 1 0 0 0 1 0 0 0 1 0 0 0 0 1 0 0 0 0 1 0 0 0 
1 1 1 1 1 0 1 0 1 0 0 1 0 1 0 0 1 0 0 0 0 0 1 1 1 0 0 1 0 0 0 1 0 1 1 0 0 1 0 1 1 1 0 1 1 0 0 
0 1 1 1 0 1 1 0 1 1 1 1 0 0 0 1 0 1 0 1 0 1 1 0 1 1 1 0 0 1 1 1 1 1 0 1 0 1 1 1 0 0 1 1 0 1 1 
0 1 1 0 0 0 1 1 1 1 1 0 1 1 0 1 1 0 1 1 1 1 0 0 0 1 1 1 1 1 0 0 1 0 1 1 0 1 1 0 0 1 1 1 0 0 1 
1 0 0 1 1 0 1 0 1 0 1 0 0 1 0 0 1 1 1 0 1 1 0 1 1 1 0 1 0 1 0 1 1 1 0 0 1 1 1 0 1 0 1 0 0 0 1 
0 0 1 1 1 0 1 0 0 0 1 1 0 0 1 1 1 1 0 1 0 1 1 1 0 0 1 1 0 1 1 1 1 0 0 0 0 1 0 1 0 0 0 0 0 1 1 
0 1 0 1 0 1 1 0 0 0 1 1 1 0 0 1 1 1 0 0 1 0 0 1 0 0 1 0 0 1 0 0 0 1 0 1 0 1 0 1 1 1 0 0 0 0 0 
0 0 0 1 0 0 1 1 1 1 1 0 0 0 0 0 1 0 0 1 1 0 0 0 0 1 1 1 1 1 1 0 1 1 0 0 0 1 1 1 1 0 1 0 1 1 0 
0 1 1 1 0 1 0 0 0 0 1 0 1 1 1 1 0 0 1 0 0 0 0 1 0 1 0 0 0 0 0 1 1 1 0 1 1 1 0 1 1 0 0 1 1 0 1 
0 1 1 1 1 0 1 0 1 0 0 1 0 0 0 1 1 0 1 1 0 0 1 0 0 1 0 1 0 0 0 1 1 0 0 0 0 0 1 1 1 0 1 0 0 1 0 
1 0 1 0 0 0 0 0 1 0 1 1 1 1 1 0 0 0 1 1 0 1 0 1 0 0 0 0 1 0 1 0 1 1 0 1 0 1 0 1 0 0 0 0 0 0 0 
1 0 0 0 0 0 0 1 0 0 1 0 0 1 0 0 0 1 0 0 1 0 1 1 0 3 0 1 1 0 1 1 0 1 1 1 0 1 1 1 1 1 0 1 1 0 1 
0 1 0 1 0 0 0 1 1 0 1 0 0 0 0 1 1 0 1 0 0 0 0 1 1 0 0 0 1 0 0 1 1 1 1 1 1 0 1 0 1 0 1 1 0 0 1 
1 0 0 0 0 0 0 1 1 0 0 1 1 0 1 1 0 1 1 1 0 1 1 0 0 1 0 1 1 1 1 1 1 1 0 0 1 0 1 0 1 1 1 1 1 0 0 
1 0 1 0 0 1 1 0 0 1 0 1 1 1 0 0 0 0 1 1 1 1 1 0 1 1 0 1 1 0 1 1 1 1 1 1 0 0 0 1 1 0 0 0 1 1 1 
1 0 1 0 1 1 0 0 0 1 1 1 0 0 0 0 0 1 1 1 1 0 0 0 1 0 1 0 1 1 0 0 0 1 1 0 1 1 0 1 1 0 0 1 0 0 0 
0 1 1 0 0 1 1 0 1 0 1 0 1 1 0 0 1 0 1 0 1 0 1 1 0 0 1 0 1 1 0 0 1 0 0 1 0 1 0 1 0 0 0 0 0 0 1 
0 0 1 0 1 0 0 0 0 1 1 0 0 0 0 1 0 1 0 1 0 1 0 0 1 1 0 1 0 0 1 1 0 0 1 0 1 0 1 0 1 1 0 1 0 0 0 
1 1 0 1 1 1 0 1 1 0 0 0 0 0 0 0 1 1 1 0 1 1 1 1 0 0 1 1 0 1 1 1 0 1 1 0 0 0 0 1 0 0 0 0 1 0 1 
1 0 1 0 0 1 0 1 0 0 0 0 1 0 1 0 0 0 1 1 1 1 0 0 0 0 1 0 0 0 0 1 1 0 1 1 0 1 1 0 0 0 1 0 0 0 0 
1 0 0 0 1 0 1 0 1 1 0 0 0 0 0 0 1 1 1 0 0 1 0 0 0 0 1 0 1 0 1 0 0 0 1 0 0 0 1 1 0 0 0 0 1 0 1 
0 0 1 0 1 1 1 1 1 0 0 0 1 0 0 1 0 1 0 1 1 1 1 1 0 1 0 1 1 0 1 1 1 0 0 0 1 1 1 0 1 0 0 0 1 1 1 
0 0 1 0 0 1 0 1 1 0 1 0 1 0 0 0 1 1 1 0 0 0 1 1 0 0 1 1 1 0 0 0 0 0 0 0 1 1 1 1 0 1 1 1 0 1 0 
1 1 0 0 1 0 0 0 1 0 1 0 0 0 1 1 1 1 0 0 0 0 0 1 0 1 0 0 0 0 1 0 0 0 1 0 1 1 1 1 1 0 0 1 0 0 0 
0 1 0 1 1 1 0 1 0 1 1 1 1 0 1 0 1 1 1 0 1 0 0 0 1 1 0 0 0 0 0 1 1 0 0 0 0 1 0 1 1 1 1 0 0 0 0 
0 1 1 0 1 0 1 0 1 0 1 1 1 0 1 0 1 1 0 0 0 1 0 0 0 0 1 1 0 1 1 1 1 1 0 0 0 0 0 1 1 0 1 1 1 0 1 
0 0 0 1 1 0 1 1 1 0 1 1 1 0 0 0 0 0 1 1 0 1 1 1 1 0 1 1 0 0 1 1 0 1 1 1 1 0 1 1 1 1 1 0 1 0 0 
1 0 0 0 0 1 0 0 1 1 0 0 0 1 1 0 1 0 0 1 1 0 0 1 1 1 0 1 0 1 1 0 1 0 1 0 1 1 1 1 0 0 1 0 0 1 1 
0 1 1 0 1 0 0 0 1 0 1 0 1 0 1 0 1 1 0 1 1 1 1 1 0 1 1 0 0 0 1 1 1 0 1 0 0 0 0 1 0 1 0 1 0 0 0 
0 1 0 0 1 1 0 1 0 0 0 1 0 1 0 0 0 1 1 1 0 1 1 0 0 0 1 0 0 1 0 0 1 1 1 1 1 1 1 1 1 0 1 0 0 1 1 
0 0 1 1 1 0 1 1 1 1 1 0 1 1 1 1 1 0 1 0 1 0 0 0 0 0 1 0 0 1 1 1 1 1 0 0 1 1 0 0 0 1 0 1 1 0 1 
1 1 1 0 1 1 0 1 0 1 0 1 0 1 0 0 0 1 0 1 0 0 1 0 0 0 1 0 0 1 1 1 1 0 1 1 0 1 0 1 1 0 0 0 1 0 0 
0 0 1 1 1 0 0 0 0 0 0 1 1 0 0 0 0 0 0 1 0 0 0 1 1 1 0 0 0 0 0 1 1 0 0 1 1 0 0 1 0 0 0 1 1 1 0 
0 0 0 1 0 1 1 1 1 0 1 0 0 1 0 1 1 0 0 0 1 1 1 1 0 1 0 0 1 1 1 1 1 0 0 0 1 1 1 1 1 1 0 1 0 0 0 
1 0 0 0 0 1 0 1 0 1 1 0 1 0 1 1 1 0 0 0 0 0 0 0 0 0 1 0 0 0 1 1 1 1 1 1 0 0 1 1 0 1 1 1 1 0 0 
1 0 1 0 0 0 0 0 0 1 1 0 0 0 0 0 0 0 1 1 0 1 0 1 1 0 1 1 1 0 1 0 0 1 0 0 1 1 0 0 1 0 0 1 1 0 1 
0 0 1 0 0 0 1 0 0 0 0 0 1 0 1 0 0 0 0 0 1 1 0 0 1 0 0 1 0 0 1 1 0 1 1 0 0 1 0 0 1 1 0 1 0 1 1 
1 1 0 0 0 1 1 1 0 1 0 1 1 0 1 0 1 1 0 1 1 1 0 1 1 1 1 0 0 1 1 1 0 0 1 0 1 1 1 0 0 1 0 1 1 1 1 
1 0 1 1 0 1 0 0 1 1 1 1 0 1 1 0 1 1 0 0 0 1 1 0 1 0 0 1 1 1 0 0 1 0 0 1 0 1 0 0 1 0 0 1 1 1 0 
1 0 1 0 1 0 1 0 1 1 0 0 1 0 1 0 1 1 1 1 0 1 1 1 1 1 1 1 0 1 0 1 0 1 0 1 0 0 1 1 0 1 1 1 0 0 1 

30
1 0 1 0 1 0 1 1 0 1 0 1 0 0 1 1 0 0 0 1 0 0 1 1 0 1 0 1 0 1 
0 0 1 0 0 0 0 0 1 1 0 0 0 1 1 0 1 1 0 0 1 0 1 1 0 0 0 0 1 1 
1 1 1 1 0 0 1 1 1 1 0 1 1 0 0 1 1 0 0 1 1 1 1 1 1 0 1 0 0 0 
0 0 0 0 1 0 0 0 1 0 0 1 1 0 1 0 1 1 1 1 0 0 0 0 0 1 0 0 1 0 
0 0 0 1 0 0 1 1 0 0 0 1 0 1 0 1 1 1 0 0 1 0 1 1 1 0 1 0 1 0 
1 0 0 1 0 0 0 1 0 1 1 1 0 0 1 0 0 0 0 1 0 0 1 0 0 0 1 1 0 0 
1 1 0 0 0 0 1 1 1 0 0 1 0 0 0 1 0 1 0 0 0 0 0 1 0 1 0 1 1 0 
1 1 0 0 1 0 0 0 0 1 1 1 0 1 1 1 0 1 1 0 0 0 1 1 0 1 1 1 1 1 
1 1 0 0 0 0 1 1 0 0 1 0 1 1 1 0 0 0 0 1 0 0 0 1 0 0 0 0 0 1 
1 1 1 1 1 0 0 0 1 0 1 0 0 1 0 1 1 1 1 0 0 1 1 0 0 0 1 0 0 1 
0 0 1 0 0 0 1 1 0 0 0 1 1 0 0 0 0 1 0 0 0 1 0 0 1 1 0 0 1 1 
0 1 1 0 1 0 0 1 1 0 1 0 0 0 1 0 1 1 0 1 1 0 1 0 0 1 1 1 1 1 
0 0 1 1 1 1 0 1 1 0 0 0 0 0 1 0 0 1 0 0 1 0 1 1 1 0 1 1 0 0 
0 0 1 0 1 0 0 0 0 1 0 1 0 0 1 1 1 0 0 1 0 0 1 1 0 1 1 1 0 1 
1 1 1 1 1 0 0 0 0 0 1 0 0 0 1 0 0 0 1 0 1 0 0 1 0 1 0 1 0 1 
1 1 1 0 0 0 1 0 0 1 0 0 1 1 1 1 0 1 0 1 0 1 1 1 1 0 0 1 0 0 
1 1 0 0 1 1 1 1 0 0 0 1 0 1 0 1 1 1 1 0 1 0 1 0 1 1 0 1 0 0 
0 0 0 1 1 0 0 1 0 1 0 0 0 0 0 0 0 0 0 0 1 0 0 1 1 0 0 1 0 0 
0 1 1 0 0 0 0 1 0 0 0 0 0 1 0 0 1 1 0 1 0 0 1 0 1 1 1 0 1 1 
0 1 1 1 0 1 0 1 1 1 0 0 0 0 1 0 0 1 0 1 1 0 1 0 1 0 0 1 1 1 
1 1 1 1 0 1 1 0 1 1 1 1 1 0 0 0 0 1 0 0 0 1 0 0 1 1 1 0 1 3 
1 1 1 1 0 1 1 0 1 1 0 1 1 0 1 0 0 0 1 0 0 1 0 1 1 0 0 0 1 0 
1 0 0 1 0 1 1 1 0 0 1 0 0 0 1 1 1 1 1 1 0 0 0 0 0 1 1 1 0 0 
1 0 1 1 0 0 0 1 0 0 0 1 0 0 0 0 1 1 1 0 0 0 1 0 0 0 1 0 0 1 
1 0 0 0 1 0 0 1 1 0 1 1 1 0 0 1 1 1 1 0 1 0 1 1 0 1 1 0 0 1 
1 0 1 0 0 0 0 0 1 1 1 0 1 1 0 0 1 0 0 1 1 0 1 1 0 0 1 1 0 1 
0 0 0 1 0 0 1 1 1 0 1 0 1 0 1 0 1 0 1 0 1 0 1 0 0 1 0 1 1 1 
0 0 0 0 0 1 0 1 1 0 1 1 1 0 0 0 1 1 0 1 0 0 1 1 0 1 1 0 1 0 
0 1 0 1 0 1 0 1 0 0 1 0 1 0 0 1 0 1 0 1 0 1 0 1 1 1 1 1 0 0 
1 1 0 0 1 1 0 1 0 0 1 0 1 1 1 0 1 0 1 0 1 1 0 1 1 0 0 0 0 1 

7
0 1 0 1 1 1 1 
1 0 1 1 0 1 0 
1 1 0 1 1 1 1 
0 0 1 3 1 1 1 
0 1 1 1 1 0 1 
0 1 1 0 1 1 0 
0 1 1 1 0 0 0 

43
1 0 0 1 0 0 0 1 0 1 0 1 0 0 1 0 0 0 1 0 1 0 1 0 1 1 0 0 1 1 1 1 0 0 1 0 0 1 0 0 0 1 1 
1 1 0 0 1 0 1 0 0 1 0 1 1 1 0 0 0 0 1 0 0 0 1 1 1 1 1 1 0 1 1 1 1 1 0 0 0 0 1 1 1 0 1 
1 0 1 1 0 0 1 1 0 1 0 0 0 1 0 0 1 0 0 0 0 1 1 0 1 0 0 0 1 1 0 1 0 0 0 0 0 1 0 1 1 1 0 
1 1 0 0 1 1 1 1 1 1 0 1 0 0 0 1 0 0 1 1 0 0 0 1 1 0 1 1 1 1 0 0 0 1 0 1 1 1 0 1 1 0 0 
0 1 1 1 0 1 0 1 1 0 0 0 0 1 1 1 1 0 0 1 1 1 0 1 1 0 0 0 0 1 1 0 1 0 0 1 0 1 0 1 0 0 1 
1 0 1 0 0 0 1 1 1 0 1 0 0 0 0 1 0 1 1 1 1 0 0 0 0 0 1 0 0 0 0 1 1 0 1 1 0 0 0 1 1 1 1 
0 0 0 1 0 1 1 1 0 1 0 0 1 0 0 0 1 0 1 3 0 0 0 1 1 0 1 1 1 1 0 1 1 0 0 1 1 1 1 1 0 1 1 
1 1 0 0 0 0 1 1 0 0 1 1 0 0 1 1 1 1 1 1 1 0 1 1 1 0 1 1 1 0 0 0 1 0 1 1 1 0 0 0 0 1 0 
0 0 1 1 0 0 0 0 1 1 1 0 0 0 1 0 1 0 1 0 1 0 1 0 1 0 1 1 1 1 0 0 1 1 0 1 0 1 0 0 0 1 0 
1 1 1 0 1 1 0 0 0 0 1 1 1 0 1 0 0 1 0 0 1 0 0 0 0 0 0 0 1 1 0 0 0 0 1 0 1 0 1 0 0 0 1 
1 1 1 1 0 0 1 1 0 0 1 1 0 1 1 1 1 0 1 1 1 1 0 1 1 0 0 0 1 1 0 1 1 0 0 1 0 0 0 1 0 1 0 
0 0 1 0 1 1 1 1 0 1 0 0 1 0 0 0 1 0 1 1 0 0 1 0 0 1 1 0 0 1 1 1 0 0 0 0 1 0 1 0 0 1 1 
1 0 1 1 0 1 0 1 1 0 0 0 0 0 0 1 0 1 0 1 0 0 0 1 1 1 1 1 0 1 0 0 0 1 1 1 0 1 1 1 1 1 0 
0 0 1 1 0 1 0 1 1 1 1 1 0 1 0 0 1 1 1 1 1 0 0 0 1 1 0 1 0 1 1 0 1 1 1 0 0 1 0 0 0 0 0 
0 1 0 0 0 1 0 1 0 1 0 1 0 0 0 0 1 1 0 1 0 0 0 1 0 1 0 0 1 0 0 1 0 0 1 0 1 1 1 0 0 0 1 
0 1 0 1 0 1 0 0 0 0 1 1 1 1 1 0 0 1 1 0 0 0 0 0 0 0 0 0 0 1 1 1 0 0 0 0 1 0 1 0 1 0 1 
1 0 1 0 1 0 0 1 0 0 1 0 0 1 1 1 1 0 1 1 0 1 1 1 0 1 0 1 1 1 0 0 1 1 1 0 0 1 0 1 1 1 0 
0 0 0 0 0 1 0 1 0 1 1 1 1 1 0 1 1 1 0 0 1 0 0 1 1 0 0 1 0 0 0 1 0 1 1 1 0 1 1 1 1 0 1 
1 0 1 0 1 0 0 1 1 0 0 0 0 0 1 1 0 1 0 0 0 1 1 1 1 1 1 1 0 0 1 0 0 1 0 1 0 1 1 0 0 1 0 
1 1 0 1 1 0 0 1 0 0 0 1 0 0 1 0 0 1 1 0 0 0 1 0 1 1 1 0 0 0 0 1 0 1 0 0 1 0 1 0 1 0 1 
1 0 1 1 1 1 1 0 0 1 1 1 0 0 0 0 0 0 1 1 1 0 1 0 0 0 0 1 0 0 0 1 1 1 1 0 1 0 0 0 1 0 0 
1 0 1 1 1 1 0 0 1 1 0 1 1 0 0 0 1 0 1 0 0 1 1 0 0 1 0 1 1 0 1 0 0 0 1 0 1 1 1 0 0 1 1 
1 0 0 0 0 0 0 0 1 0 0 1 0 1 0 0 1 1 0 1 1 1 1 0 0 1 1 0 1 0 0 1 0 1 0 1 0 1 0 0 1 1 0 
0 1 0 0 1 0 0 1 0 1 1 1 1 0 0 0 1 1 0 1 1 1 0 1 1 1 0 1 0 0 0 0 0 1 0 0 0 0 0 0 0 0 0 
0 1 0 1 1 0 1 1 0 0 0 1 1 1 1 1 1 1 0 1 0 1 1 1 0 0 1 0 1 1 1 1 1 0 0 0 0 0 0 1 1 0 1 
0 0 1 0 1 1 0 0 0 0 1 0 0 1 0 1 1 1 1 1 0 1 1 1 0 1 1 1 1 0 0 1 1 0 1 1 1 1 1 0 0 0 0 
1 0 0 0 0 0 0 1 1 1 1 1 0 1 0 0 0 1 1 1 0 1 0 1 0 1 0 0 0 1 1 1 0 1 1 1 0 0 1 1 0 0 0 
0 0 0 1 0 1 0 0 1 0 1 0 0 1 0 0 0 0 1 1 1 1 1 0 0 0 0 0 0 1 1 1 0 0 0 1 1 0 1 0 0 1 0 
1 0 0 0 0 1 0 0 1 0 0 0 0 0 1 0 1 1 0 1 1 1 1 1 1 1 0 0 0 0 1 1 0 0 0 0 0 0 1 0 0 1 1 
0 0 0 0 1 1 0 1 0 1 1 0 1 1 0 1 1 0 0 0 0 0 1 0 0 1 0 1 0 1 0 1 0 0 0 1 1 1 1 1 1 0 0 
1 0 1 1 0 0 1 0 1 0 0 1 1 0 0 0 1 1 0 0 1 1 0 1 0 1 1 1 0 1 0 1 1 1 0 0 1 0 0 1 0 0 0 
1 0 1 1 1 1 0 1 0 1 1 0 0 0 1 0 0 1 1 0 1 1 1 1 1 1 1 1 0 1 0 1 0 1 0 0 1 0 1 0 1 0 0 
1 1 0 1 1 0 1 0 0 0 0 1 0 1 1 1 1 0 1 1 1 1 0 0 0 0 1 1 1 0 0 1 1 1 0 0 1 1 0 1 1 1 0 
1 1 0 1 1 0 1 1 1 1 1 0 0 1 1 0 1 0 1 0 1 0 0 1 0 0 0 1 1 0 0 0 1 0 1 0 1 0 1 1 0 1 1 
0 1 0 0 1 1 1 1 0 1 0 0 1 1 0 0 1 0 1 0 0 1 1 1 1 0 0 0 0 1 0 0 1 1 0 1 1 1 0 1 0 0 0 
1 0 1 1 0 0 0 0 1 1 0 1 1 0 0 1 1 1 1 1 1 0 1 1 0 0 1 1 1 1 0 1 1 1 1 0 1 0 0 1 0 1 0 
0 0 1 0 0 0 1 0 0 0 0 1 0 0 1 0 1 1 1 1 1 0 1 0 0 1 1 0 1 0 0 1 1 0 1 0 0 1 0 1 0 0 1 
0 0 0 0 1 0 0 0 0 1 0 1 0 1 1 1 0 1 0 1 1 1 0 0 0 1 0 0 1 0 0 1 1 1 0 1 0 0 0 0 0 1 1 
1 0 1 1 1 0 0 0 0 1 0 1 1 1 1 0 1 1 1 0 1 1 1 1 1 1 1 0 0 0 1 1 0 0 1 0 1 1 1 1 1 0 0 
0 0 0 0 1 1 0 0 1 1 0 1 0 0 1 1 1 1 1 1 1 0 1 1 0 1 0 0 0 1 0 1 0 1 1 0 1 1 1 1 0 0 1 
1 0 1 0 1 1 0 0 0 0 1 1 1 1 0 1 0 1 0 0 1 1 0 1 0 1 0 1 1 0 0 1 1 1 1 0 1 1 0 1 1 1 0 
0 0 0 1 0 0 0 1 1 1 1 1 0 1 1 0 1 1 1 0 1 1 1 1 0 0 0 1 1 0 1 1 1 1 1 1 0 0 1 0 0 1 1 
0 0 1 0 0 0 0 1 1 0 1 0 0 1 1 0 1 0 1 1 1 1 0 0 0 0 0 0 0 0 1 1 0 0 1 0 1 1 0 1 0 0 1 

39
0 1 0 0 1 1 0 0 1 0 1 0 1 0 0 0 0 1 1 0 0 1 0 0 1 0 1 0 0 1 1 1 0 0 1 1 0 0 0 
1 0 1 1 0 1 1 1 1 0 0 0 0 1 0 0 1 0 0 1 0 1 0 1 1 1 0 1 1 1 1 0 0 0 1 0 1 1 1 
1 1 1 1 0 0 0 0 1 0 1 0 0 0 1 1 1 0 0 1 0 0 0 1 0 0 0 0 0 0 0 1 1 1 1 0 1 0 0 
1 0 0 0 1 0 1 1 1 1 0 0 0 1 1 1 1 1 0 1 0 0 0 0 1 1 0 0 1 0 1 1 1 1 0 0 1 1 1 
1 1 1 1 1 0 0 0 0 0 1 0 1 1 0 1 1 0 0 1 0 0 1 0 1 0 1 0 1 1 1 1 1 1 1 0 1 1 0 
1 0 0 1 0 1 1 0 1 0 0 0 1 1 0 0 1 0 0 1 1 1 1 0 1 1 0 1 0 1 1 0 0 0 0 0 1 0 0 
0 0 0 0 1 0 1 0 0 1 1 0 0 1 0 0 1 0 0 0 1 0 0 1 1 1 1 0 0 1 0 0 1 1 0 1 0 1 1 
1 1 0 1 1 1 0 1 1 0 0 1 1 0 0 1 1 0 1 0 0 1 1 0 1 0 0 1 1 0 0 0 0 0 1 0 1 0 0 
1 0 1 1 1 1 1 1 0 1 1 0 0 1 1 1 0 1 0 0 1 0 1 1 1 1 1 1 0 0 0 0 0 1 0 1 1 1 0 
0 1 1 1 0 0 0 0 1 1 1 0 0 1 1 0 0 1 1 1 0 1 1 1 0 0 1 1 0 1 0 1 0 0 1 1 0 1 0 
0 1 1 1 1 1 0 0 1 0 1 0 0 0 1 0 1 0 1 0 0 0 0 0 1 1 0 0 0 1 1 1 0 1 0 1 1 0 1 
0 0 0 0 1 1 1 1 1 0 0 1 0 0 0 1 1 0 1 1 1 0 0 1 1 0 1 0 1 1 0 0 0 1 1 0 0 1 1 
1 0 1 1 0 1 0 1 0 1 0 0 1 0 1 1 1 1 1 0 0 0 1 1 0 0 1 1 1 0 0 1 1 0 1 1 1 1 0 
1 0 0 0 1 1 1 1 0 1 0 1 1 0 1 0 1 0 1 0 1 0 1 0 0 1 1 0 0 0 0 0 1 0 1 0 0 1 1 
0 0 0 1 0 1 1 0 0 0 1 0 1 0 0 1 0 0 0 1 1 0 0 0 1 1 0 0 1 1 0 1 1 0 1 0 1 0 0 
1 0 1 1 1 0 1 0 0 0 0 0 0 1 0 1 1 0 0 0 1 1 1 1 1 1 0 0 1 1 0 1 0 0 0 1 0 1 1 
1 1 0 0 0 1 0 1 1 0 1 0 1 0 0 0 1 0 0 1 1 1 1 1 1 1 1 0 0 0 1 0 0 0 0 0 1 1 0 
0 0 1 0 1 0 1 1 0 1 1 1 0 0 0 0 1 0 0 0 0 1 0 0 1 1 0 1 0 1 1 0 0 0 1 1 1 1 1 
1 1 1 1 1 1 0 1 0 0 0 0 0 0 1 1 1 0 0 0 1 0 1 0 0 1 1 1 1 0 0 1 0 0 0 1 0 1 1 
0 1 0 1 1 1 1 0 0 1 0 1 1 1 1 1 1 0 1 0 0 0 0 1 0 0 1 1 0 1 0 0 0 0 0 0 1 0 0 
0 0 0 0 1 0 1 0 0 1 1 1 0 0 0 0 0 1 0 1 1 0 1 0 1 1 1 0 0 1 0 1 0 1 1 0 1 0 1 
0 1 1 0 1 0 0 0 0 0 0 0 1 0 0 1 1 0 0 1 0 1 1 1 1 0 1 0 1 1 1 0 0 0 0 0 1 0 1 
1 0 1 0 0 0 1 0 0 0 0 0 1 0 0 1 1 0 1 0 0 1 0 0 1 0 0 1 1 1 0 0 1 1 0 1 1 0 0 
0 0 0 1 0 1 1 1 1 0 0 1 0 1 1 0 0 1 0 0 1 0 0 1 1 0 1 0 0 1 1 1 0 0 1 0 0 0 0 
1 1 1 0 0 0 1 0 1 1 1 1 0 1 1 0 1 0 0 1 0 1 1 1 1 0 1 1 0 0 1 1 0 0 1 1 0 0 1 
0 0 0 0 0 1 0 0 0 0 1 0 0 0 0 1 1 1 0 1 0 1 0 0 0 1 0 0 1 0 1 0 0 1 1 1 0 1 0 
1 0 1 0 1 0 0 0 0 1 0 0 0 1 1 0 1 1 0 0 1 1 0 1 0 0 0 0 0 0 0 0 0 0 1 1 1 1 0 
0 0 0 0 0 0 0 0 1 1 1 1 0 0 0 1 0 0 1 0 1 0 1 0 0 1 1 0 0 1 1 1 0 0 0 0 1 0 1 
1 1 1 1 0 1 1 0 1 1 1 1 1 0 0 1 0 0 0 0 0 1 1 0 0 1 0 0 0 0 1 0 0 1 1 0 0 0 1 
0 1 1 1 0 1 0 0 1 1 0 1 0 0 0 0 0 1 1 1 0 0 1 0 1 0 0 1 0 0 1 0 0 0 0 1 1 0 1 
0 1 0 1 1 1 0 1 1 1 0 0 1 0 1 0 1 0 0 0 1 0 1 0 1 0 1 0 1 1 0 1 1 1 1 1 1 0 0 
0 0 0 0 0 1 1 1 0 0 0 0 0 0 0 1 0 0 0 0 1 0 0 1 0 1 0 1 1 1 0 1 1 0 0 1 1 0 1 
1 0 1 1 1 0 0 1 1 1 0 1 1 0 0 1 0 1 0 1 1 0 0 0 0 0 1 0 1 1 1 0 1 0 1 0 0 1 1 
1 0 0 0 1 1 0 1 1 0 0 1 1 0 0 1 0 1 1 0 1 0 0 0 1 1 0 1 0 0 0 0 1 1 1 1 0 1 1 
0 1 1 1 0 0 0 1 1 1 0 0 0 1 1 0 1 1 0 0 1 0 0 0 0 0 0 1 0 0 0 0 0 0 0 1 0 1 1 
0 0 1 0 1 0 0 1 1 0 0 1 0 0 0 0 0 1 0 0 1 0 1 1 1 0 0 0 1 0 0 1 0 0 3 1 1 0 0 
0 1 1 0 0 1 0 0 0 1 0 0 0 1 1 0 1 0 0 1 0 1 0 0 0 0 1 0 1 1 1 1 0 0 0 1 1 1 0 
0 1 1 0 1 1 0 0 1 0 0 0 0 1 1 0 1 1 0 1 1 1 1 0 0 0 1 1 1 1 1 0 0 0 1 1 1 0 1 
0 1 1 0 0 1 0 0 0 0 0 1 0 1 1 1 0 0 0 1 0 0 1 1 0 1 1 0 0 1 1 0 1 1 0 1 1 1 0 

21
0 3 0 0 0 0 1 0 0 0 0 1 1 0 1 1 0 1 1 1 0 
0 0 1 0 1 1 1 1 1 0 0 1 0 0 1 1 0 0 1 1 1 
1 0 0 1 1 1 1 1 0 1 1 1 0 1 0 1 1 0 1 1 0 
0 1 0 1 0 1 1 0 1 1 1 0 0 0 0 0 1 0 0 1 0 
1 0 0 0 0 1 1 1 0 0 1 1 1 0 0 0 0 1 0 1 1 
0 1 0 1 0 0 1 0 1 0 0 1 0 1 0 1 0 0 0 1 0 
0 1 0 1 0 0 1 1 1 1 0 1 1 0 1 1 0 0 0 0 0 
1 1 1 0 0 0 0 0 0 1 1 0 0 1 1 0 1 1 1 0 1 
1 1 1 1 1 1 1 0 0 1 0 0 0 1 0 1 0 1 1 0 1 
1 0 1 1 1 0 1 1 1 0 0 1 1 1 0 1 0 1 0 1 0 
1 0 0 0 0 0 1 1 1 1 1 1 0 0 0 0 0 1 0 1 1 
0 0 1 1 0 1 1 0 0 1 1 0 0 1 1 0 1 1 1 0 0 
1 1 1 0 1 1 0 1 0 0 0 1 1 1 1 0 1 1 1 1 1 
0 0 1 1 0 0 1 0 1 0 1 1 1 0 1 0 0 0 1 0 0 
0 1 0 0 1 0 1 0 0 0 0 0 0 0 0 1 1 1 0 0 1 
1 0 1 0 1 0 1 1 1 1 0 0 1 1 1 0 0 1 0 1 1 
0 0 1 1 1 1 1 1 0 1 0 0 1 0 1 1 1 0 0 0 1 
0 0 1 0 0 0 0 0 0 1 0 1 1 0 0 1 0 1 1 1 0 
0 0 0 0 0 0 1 0 0 0 1 0 1 0 0 0 0 1 1 1 1 
1 0 0 1 1 1 1 0 1 1 0 0 1 1 0 1 0 0 0 0 0 
0 1 0 1 1 0 1 1 0 0 1 0 0 1 1 1 0 1 1 1 1 

39
1 1 1 0 1 1 1 0 1 0 1 1 0 1 1 0 1 0 0 1 1 1 1 0 1 1 1 1 1 1 0 0 0 0 1 1 0 1 1 
0 1 0 1 0 0 1 0 1 0 1 1 0 0 1 1 0 0 0 0 1 1 1 0 0 0 0 1 0 1 1 0 0 1 1 0 0 1 0 
1 1 1 0 1 1 0 0 0 0 1 0 0 1 0 1 1 1 1 0 1 1 0 1 1 1 0 0 0 0 1 1 0 0 0 0 0 1 0 
0 0 1 1 0 1 1 1 0 0 1 0 0 0 0 0 0 1 0 1 1 1 0 0 1 0 1 0 0 1 0 1 0 0 0 0 0 0 0 
1 1 0 1 1 1 1 0 1 0 0 0 0 1 0 1 1 1 1 1 1 0 1 1 0 1 1 0 0 1 0 1 1 1 1 1 0 1 1 
0 1 0 1 1 1 0 0 0 1 1 1 1 1 1 1 1 0 1 0 1 0 0 1 1 0 1 0 0 0 1 0 1 0 1 0 0 0 1 
0 0 1 1 0 0 0 0 1 1 1 0 1 1 1 1 1 0 1 1 0 0 1 1 0 0 0 0 0 1 1 1 0 0 1 1 0 1 0 
1 0 0 1 0 1 0 1 0 1 1 1 0 1 1 0 0 1 1 0 0 0 0 1 1 1 1 1 0 0 1 1 0 1 0 1 0 0 1 
1 0 0 1 0 1 0 1 0 1 1 0 0 0 1 0 0 1 1 1 0 0 0 0 1 0 0 1 1 0 0 1 0 0 1 1 0 0 0 
1 1 1 0 1 0 1 0 0 1 0 1 0 1 1 1 0 1 1 1 1 0 1 1 0 0 1 0 0 1 0 1 0 1 0 0 1 0 1 
0 1 0 1 0 0 1 0 1 0 1 1 1 1 0 0 0 1 0 0 0 1 1 0 0 0 0 0 0 0 0 0 1 0 1 1 1 0 0 
0 1 0 0 0 1 1 1 0 1 1 1 1 1 0 0 0 1 0 0 0 0 0 0 0 0 0 0 0 1 1 1 0 0 1 0 0 1 1 
0 1 0 1 1 0 0 1 0 0 0 1 1 1 1 0 1 1 1 0 1 0 0 1 0 1 0 1 1 0 1 0 0 0 0 1 1 1 1 
1 1 0 1 0 0 1 0 0 1 1 0 1 0 1 1 0 0 1 0 0 0 0 1 1 1 1 0 1 1 0 1 1 1 0 1 0 0 1 
0 0 1 1 0 1 0 0 0 1 1 0 1 0 0 0 1 0 0 1 1 1 0 1 0 0 0 1 1 0 1 0 0 0 1 1 0 1 1 
1 0 0 0 0 0 1 0 0 1 1 0 0 1 0 1 1 1 0 1 1 1 1 0 1 0 0 0 0 0 0 1 0 1 1 1 0 1 0 
0 0 1 1 1 1 0 1 0 0 1 1 0 0 0 1 0 1 0 0 1 0 0 1 0 0 0 0 0 1 0 0 1 0 0 0 0 0 0 
1 1 0 1 0 0 1 1 1 0 1 1 0 1 1 0 1 0 1 1 1 0 1 0 1 0 1 1 1 0 0 0 0 0 1 1 1 1 1 
0 1 0 1 1 1 0 1 0 0 1 0 1 1 0 1 1 0 0 1 1 0 1 1 0 0 0 0 0 1 1 1 1 1 1 0 0 1 0 
0 0 0 1 0 0 1 0 0 1 1 0 1 0 0 1 1 0 0 0 0 1 1 0 0 1 1 1 1 1 0 0 1 0 1 0 0 1 1 
1 1 0 1 1 0 0 1 1 1 0 1 0 0 1 1 0 0 1 0 0 0 0 0 0 0 1 0 1 1 1 1 0 1 1 1 1 1 0 
1 1 1 1 1 1 1 1 0 1 0 1 0 0 0 1 1 0 0 0 1 0 1 0 1 1 1 0 0 0 1 0 0 0 1 1 1 0 1 
1 0 1 0 1 1 0 0 0 1 1 0 1 0 0 0 0 0 1 1 0 0 1 0 1 0 1 0 1 0 0 1 1 1 0 1 0 1 1 
1 0 0 1 0 0 0 0 1 0 1 0 0 0 1 1 1 0 1 1 0 0 1 1 1 0 0 1 1 0 0 1 0 1 1 0 0 1 1 
0 1 0 0 1 1 1 0 0 0 1 1 0 0 0 1 0 0 1 1 0 0 1 0 0 0 0 1 1 0 1 0 0 1 0 0 0 0 0 
0 0 1 0 1 0 0 1 1 1 0 0 1 1 1 1 1 0 0 1 0 1 1 1 0 1 0 0 0 1 1 0 0 1 0 0 1 1 0 
0 0 0 1 1 0 0 0 1 0 0 1 0 0 1 0 1 1 1 1 0 0 0 0 1 1 0 1 1 1 0 0 0 0 1 1 1 1 0 
0 1 0 0 0 1 1 1 0 0 0 0 0 1 1 0 1 0 0 1 0 1 0 0 0 1 1 0 1 1 0 0 1 1 1 1 0 0 1 
1 0 0 0 0 1 1 1 0 1 0 0 0 0 1 0 0 1 0 0 0 0 1 0 0 1 1 1 1 0 0 0 1 0 1 1 1 0 0 
1 0 1 1 1 1 0 1 1 1 0 0 0 1 0 0 0 0 1 1 0 0 0 1 1 1 1 1 0 1 1 0 1 1 1 1 0 0 1 
0 0 1 0 1 0 0 0 0 0 1 0 0 1 0 1 0 1 0 0 0 0 0 1 1 0 1 0 1 1 0 0 0 1 1 0 1 1 1 
1 0 0 0 1 0 0 0 0 1 1 1 0 0 3 0 0 0 1 0 1 1 0 0 1 1 1 0 0 0 1 1 1 0 0 0 1 0 0 
0 1 0 0 0 1 0 0 0 1 1 0 0 1 0 1 0 0 1 0 0 1 1 1 0 1 0 0 0 0 0 1 0 0 1 1 1 1 1 
0 1 0 1 1 1 1 1 1 0 0 1 0 0 1 0 0 1 0 0 1 1 1 0 1 0 0 1 1 1 0 1 0 1 1 0 0 0 1 
1 1 1 1 1 0 0 1 1 0 0 0 0 1 0 0 1 0 0 0 1 0 1 1 1 0 0 0 0 0 1 0 0 0 0 1 0 0 0 
0 1 1 0 0 1 0 1 1 1 0 0 1 1 0 0 1 1 1 0 0 1 1 0 1 0 0 0 1 1 1 0 1 0 1 1 1 0 1 
1 0 1 0 0 0 0 1 1 0 0 0 0 0 0 1 0 1 1 0 1 1 0 1 0 0 0 1 0 1 1 0 1 1 0 1 1 0 0 
1 0 1 1 1 1 1 0 0 1 1 0 1 0 1 1 0 1 1 1 1 0 0 1 1 1 1 0 1 0 0 1 0 0 0 1 1 1 0 
0 0 0 0 0 1 1 0 1 0 1 1 1 1 1 1 0 0 1 1 1 1 0 0 0 1 1 0 0 1 0 1 0 0 1 0 1 0 1 

30
0 0 1 0 1 1 1 0 0 0 0 1 0 0 0 1 1 0 0 0 0 1 1 0 0 0 0 1 1 0 
1 0 1 0 0 1 1 0 1 1 1 1 0 0 0 0 0 1 0 0 0 1 0 1 1 1 0 1 0 1 
0 0 1 0 1 1 1 1 1 0 0 1 1 1 1 0 1 0 1 1 0 0 1 0 1 1 1 3 1 0 
0 0 0 1 1 0 1 1 1 0 1 0 0 1 0 1 0 1 0 0 0 1 0 1 1 0 0 1 0 0 
1 0 1 1 0 0 1 0 1 1 0 0 0 1 0 1 1 0 1 1 1 1 0 0 0 1 1 0 0 0 
0 1 1 1 1 0 1 1 1 1 1 1 0 0 0 0 1 1 1 0 0 0 1 1 0 0 1 0 1 1 
1 0 1 0 0 1 1 1 0 1 0 0 0 1 0 1 0 0 1 1 0 0 0 1 1 1 1 0 1 1 
1 0 1 1 0 1 0 1 0 1 1 0 0 0 0 0 0 0 1 1 1 0 0 1 0 0 0 0 0 0 
1 1 1 0 1 1 1 0 0 0 1 0 1 0 1 0 0 0 1 1 1 1 1 0 1 1 1 1 0 1 
0 1 1 0 1 1 1 1 1 0 0 0 1 1 0 0 1 1 0 1 1 1 0 1 0 0 0 0 0 1 
1 0 1 1 0 1 0 0 1 1 1 0 1 1 0 0 0 0 0 0 1 0 1 1 1 1 1 0 1 0 
1 0 1 0 1 0 1 0 0 1 0 1 1 1 0 1 0 0 0 1 1 0 1 0 0 1 1 1 1 0 
0 0 1 1 1 0 1 0 0 0 0 1 1 0 0 0 0 0 1 0 0 1 0 0 1 1 0 1 0 0 
0 0 1 1 1 0 0 0 0 0 1 0 1 1 0 0 1 1 1 0 1 0 1 1 1 1 0 1 1 0 
0 1 1 1 0 0 0 1 0 0 1 0 1 1 0 1 0 1 0 1 1 0 0 0 0 0 0 0 1 1 
0 0 1 1 1 0 0 1 1 0 1 0 1 1 0 0 1 1 0 0 1 1 0 0 0 0 1 0 1 1 
1 0 1 1 1 1 0 1 0 1 1 1 0 0 1 1 1 1 0 0 0 0 1 1 0 1 0 1 1 0 
0 0 1 1 0 0 1 0 1 0 0 1 0 0 1 0 1 1 0 0 1 0 1 0 1 1 0 1 1 0 
1 1 1 1 0 1 1 1 0 1 1 0 1 0 1 1 1 0 1 1 0 1 1 0 1 0 0 0 1 0 
1 1 1 0 0 0 0 1 0 1 0 0 0 1 0 0 0 1 0 1 1 1 1 0 0 1 1 1 0 0 
0 0 0 0 1 1 1 1 0 0 0 1 1 0 0 0 1 0 0 0 0 0 1 1 1 0 0 0 1 0 
1 0 0 1 0 0 0 0 1 0 0 1 1 1 0 1 1 0 1 1 1 1 0 0 1 1 1 1 0 1 
1 0 1 1 1 1 1 0 1 1 0 1 0 0 1 0 0 1 0 0 0 0 1 1 0 1 1 1 1 0 
0 1 1 1 1 1 1 0 0 0 0 1 0 0 1 1 1 1 1 1 0 1 1 1 1 1 0 1 0 1 
1 0 1 1 1 1 0 0 0 0 0 1 1 1 1 0 0 1 1 0 1 0 1 0 1 0 0 0 1 0 
0 1 1 1 1 0 0 1 0 1 0 1 0 0 1 1 1 0 0 1 0 1 0 1 0 0 0 0 1 0 
1 0 0 1 0 1 1 1 0 1 1 0 0 0 1 0 0 0 1 0 1 1 0 1 1 0 0 1 1 0 
1 1 0 0 1 1 0 1 0 0 1 1 1 1 1 1 0 1 1 1 1 1 0 0 0 0 1 1 1 1 
0 0 0 1 1 1 1 0 0 0 1 1 0 0 1 0 1 0 1 1 1 1 1 1 0 0 1 0 1 0 
1 1 1 0 0 1 1 0 1 0 0 0 0 1 0 1 1 0 0 0 1 0 1 0 0 0 1 1 1 1 

7
0 0 0 1 0 0 0 
0 1 0 0 0 0 0 
0 1 1 1 1 1 1 
0 1 0 1 0 1 0 
0 3 0 0 0 0 1 
0 1 0 1 1 1 1 
0 1 1 0 1 0 0 

15
1 0 1 1 0 0 1 0 1 0 1 0 0 0 0 
0 0 0 0 0 1 0 0 0 1 1 0 0 1 0 
1 1 0 0 0 1 0 1 0 1 0 0 0 0 1 
0 1 0 0 1 1 1 0 0 0 1 0 1 0 0 
0 0 1 0 0 1 0 1 1 0 1 0 1 0 0 
0 1 0 0 1 1 1 0 1 0 1 0 0 0 1 
0 1 0 0 0 1 0 0 0 0 1 1 0 0 0 
1 1 0 0 1 1 1 1 1 0 1 0 1 1 1 
1 0 0 1 0 1 1 1 0 0 0 1 0 0 0 
1 0 1 0 0 1 1 1 0 0 0 0 1 1 1 
0 1 1 1 1 0 1 0 0 1 1 0 0 0 1 
0 1 1 1 0 0 1 1 0 1 0 0 1 1 0 
1 0 1 0 0 1 0 0 0 1 0 0 1 0 0 
1 1 0 0 1 1 1 3 0 0 1 0 1 0 1 
0 0 0 0 1 0 0 0 1 1 1 0 0 1 1 

33
1 0 0 0 0 1 0 0 0 0 0 1 0 0 1 0 1 0 1 1 0 1 1 1 1 0 0 0 1 0 0 1 0 
1 0 0 0 0 1 1 0 1 0 1 0 0 0 0 1 0 0 1 1 1 0 0 0 0 0 1 0 1 1 0 0 1 
1 1 0 0 1 1 1 1 0 1 1 0 1 0 0 0 1 0 0 0 0 1 0 1 1 0 1 1 0 0 1 1 1 
1 0 0 1 0 1 1 0 0 0 0 1 1 1 0 1 0 0 1 1 1 1 1 1 0 0 0 0 0 0 1 1 0 
1 1 0 1 0 1 1 1 1 0 1 0 1 1 1 1 1 1 0 1 0 1 0 1 0 1 0 0 1 1 0 0 1 
1 0 1 1 1 1 1 0 0 0 1 1 1 0 0 1 0 1 1 1 0 1 0 1 0 0 0 1 1 0 0 0 0 
0 0 0 1 1 0 0 1 1 0 0 1 0 0 1 0 0 0 0 0 0 0 0 0 0 1 1 1 1 0 1 1 1 
0 0 0 0 1 1 1 0 0 1 0 0 0 1 0 0 0 1 0 1 1 0 1 0 0 1 1 0 0 0 1 1 0 
1 0 0 1 1 1 1 1 1 0 1 0 1 1 1 1 0 0 1 1 0 0 1 0 0 0 0 0 1 1 0 1 1 
1 0 1 0 0 0 0 0 1 1 1 3 1 1 1 0 0 0 1 1 0 0 0 0 0 1 0 1 0 0 0 0 1 
1 0 1 0 0 1 1 0 1 0 1 0 1 1 0 0 1 0 0 0 0 1 0 1 1 0 1 1 0 1 0 0 0 
0 0 1 1 0 1 0 1 0 1 1 0 1 0 1 0 1 0 1 0 1 0 1 1 1 1 1 1 1 1 0 1 0 
0 1 1 0 1 0 0 1 1 0 0 0 0 1 1 0 1 1 0 0 0 1 1 1 0 0 1 0 1 0 0 0 0 
0 0 1 1 1 0 0 1 1 1 1 1 0 1 1 1 1 0 0 0 0 1 1 1 1 1 0 1 1 1 1 0 0 
1 0 1 1 1 1 1 0 0 1 1 1 1 1 0 0 1 0 0 1 0 0 1 0 0 0 1 0 1 1 0 1 0 
0 0 1 0 0 1 1 1 0 1 1 1 0 1 1 1 1 1 0 1 0 0 1 1 1 0 0 1 0 1 1 0 0 
1 1 1 0 1 0 0 1 1 1 0 1 0 0 1 0 1 1 0 1 1 0 1 0 1 0 1 0 1 0 1 1 0 
1 1 1 1 0 0 0 1 1 0 1 1 1 1 1 1 1 1 0 1 0 0 1 0 1 1 1 1 0 1 1 0 1 
1 1 0 1 0 0 0 0 0 0 0 0 0 1 1 1 1 1 1 1 0 1 0 0 1 1 1 0 0 0 0 0 1 
1 0 1 1 1 1 0 0 1 1 1 1 1 0 1 0 1 1 0 1 0 0 1 1 0 1 1 1 1 0 1 0 0 
1 1 1 0 0 1 1 1 1 0 1 1 1 1 0 1 1 0 0 0 1 0 0 1 0 1 1 1 0 0 1 0 0 
1 0 0 0 1 0 0 0 0 0 0 0 1 1 0 0 1 0 0 0 1 1 0 0 0 1 1 0 0 0 0 1 1 
1 0 1 0 0 1 1 1 1 0 1 0 0 1 1 0 0 1 1 0 1 0 1 0 1 1 0 1 0 0 0 1 1 
1 1 1 1 1 0 0 0 1 1 0 0 0 1 1 1 1 1 1 1 1 0 1 0 0 1 0 1 0 0 0 1 0 
1 0 0 1 0 0 0 0 1 1 1 0 1 0 0 1 1 1 0 1 0 1 0 0 1 0 0 0 1 0 0 0 0 
1 1 1 1 1 1 0 0 0 0 1 0 0 1 1 1 1 1 1 0 0 1 0 0 0 0 1 1 1 0 1 1 0 
1 1 1 0 0 0 1 1 1 0 0 0 1 0 1 1 0 1 0 0 0 1 0 1 0 0 1 1 0 0 0 1 1 
0 0 1 1 1 0 1 1 1 0 1 0 0 0 1 0 0 1 0 0 0 0 1 1 0 0 1 0 0 1 1 0 1 
0 0 0 1 1 1 1 0 1 0 0 1 0 0 0 1 1 0 1 1 0 1 1 1 0 0 1 0 0 1 1 1 0 
0 0 1 1 0 0 0 0 0 1 0 0 0 0 0 0 0 1 0 1 0 1 1 0 0 0 1 0 1 1 1 1 0 
0 0 0 1 1 1 1 0 0 0 1 0 0 0 0 0 1 1 0 0 1 1 1 0 1 1 1 1 1 0 0 0 0 
0 0 0 1 0 0 0 0 0 1 0 0 0 0 1 1 0 1 0 1 1 0 0 1 1 1 1 0 1 0 1 0 0 
1 1 0 1 1 1 1 1 0 1 0 1 0 1 1 0 1 0 0 0 1 1 1 1 0 0 1 1 1 1 0 0 1 

17
1 1 1 1 1 1 0 1 0 0 0 0 0 0 1 1 0 
1 1 0 1 1 0 0 0 1 1 1 1 1 1 0 0 0 
1 1 1 0 0 1 0 1 0 0 1 0 1 1 1 1 0 
1 0 0 1 0 1 1 1 0 0 0 1 1 1 0 1 1 
1 0 0 0 1 1 0 0 0 1 0 1 1 1 0 1 0 
0 1 1 1 1 1 1 0 1 0 1 0 0 1 1 0 1 
0 0 0 0 0 0 1 1 1 0 1 0 1 1 0 0 0 
1 1 1 0 0 0 1 1 0 1 0 1 1 0 1 1 1 
1 0 0 0 0 0 0 0 1 0 0 1 1 1 1 1 0 
1 1 1 0 1 1 0 0 0 1 1 1 0 0 1 0 1 
0 1 1 0 1 0 1 0 1 1 1 0 0 0 0 0 0 
1 1 1 0 1 1 1 1 1 1 0 0 0 0 0 1 0 
0 0 0 1 1 1 0 0 0 1 1 1 0 0 1 0 1 
1 1 3 1 0 0 1 1 0 1 1 1 1 0 0 1 0 
1 1 0 0 1 1 1 1 0 0 0 0 1 0 0 1 1 
1 0 0 1 0 1 0 1 0 0 0 1 1 0 0 1 0 
1 1 0 0 1 1 0 0 0 0 1 0 0 0 0 1 1 

49
1 0 1 0 1 0 1 1 0 1 1 1 0 0 0 1 1 0 0 1 0 1 1 0 0 0 1 1 1 0 0 0 1 0 1 0 1 1 1 1 1 0 1 0 1 0 1 1 0 
0 0 1 1 0 1 1 1 1 1 1 0 0 1 1 1 1 0 0 0 1 0 1 1 1 0 1 0 1 1 1 0 1 1 1 0 1 1 1 0 1 0 1 0 0 1 0 1 0 
0 1 1 1 0 1 0 1 1 0 0 0 1 1 0 1 1 1 0 1 1 1 1 1 0 0 0 1 1 1 1 3 0 1 0 0 0 0 0 1 1 1 1 1 1 0 0 0 1 
1 0 0 1 1 1 1 0 1 1 1 1 1 1 0 0 1 1 1 0 1 1 0 0 0 0 1 1 0 1 0 0 1 1 1 0 1 0 1 0 1 0 0 0 1 0 0 1 1 
0 0 1 1 1 1 1 0 0 0 1 0 1 0 0 0 1 0 1 0 0 0 0 1 0 1 1 0 1 0 1 0 0 0 0 0 1 1 1 1 0 1 0 1 1 1 0 0 1 
0 1 1 0 1 1 1 1 0 0 1 0 1 0 0 0 1 1 1 1 1 0 0 0 0 1 1 0 1 1 1 1 0 1 1 0 0 0 0 1 0 0 1 1 0 0 1 0 1 
0 1 1 0 1 1 1 0 1 1 1 0 0 0 1 0 1 0 1 0 0 0 0 1 1 1 1 0 0 0 0 0 1 1 1 1 0 0 0 0 0 0 0 0 0 1 1 0 1 
0 0 0 0 1 0 1 1 1 0 1 0 0 1 1 1 0 0 0 1 1 1 1 0 0 1 0 0 0 0 0 1 0 0 0 1 1 0 1 1 1 1 1 0 1 1 0 1 0 
1 1 0 0 0 1 1 0 0 1 1 1 0 1 0 0 0 1 0 1 1 1 1 0 0 1 1 0 1 1 0 1 0 0 0 1 0 1 1 0 1 1 1 1 1 0 0 1 1 
0 1 1 0 0 0 1 0 1 0 0 0 0 0 0 0 1 0 1 0 0 1 0 0 1 0 0 0 1 0 1 0 0 0 0 0 1 1 0 1 0 1 1 1 1 1 1 0 1 
0 1 0 0 0 0 1 0 1 1 1 1 0 1 0 0 1 0 1 1 1 1 0 0 1 0 1 1 0 0 1 1 0 0 0 0 0 0 0 1 1 0 0 0 0 0 0 1 1 
1 0 1 1 0 0 1 0 0 1 0 1 1 1 1 0 1 1 0 0 0 1 0 1 1 0 1 1 0 0 1 1 0 1 0 0 1 1 0 1 1 1 0 1 1 1 0 1 1 
1 1 0 0 1 1 0 0 0 1 1 0 1 0 0 0 0 0 0 1 1 0 1 0 1 0 1 0 1 0 1 0 1 1 0 1 1 1 1 1 0 0 1 0 0 0 0 1 1 
1 1 0 0 0 1 0 0 0 0 1 1 1 1 1 0 1 0 0 0 1 1 1 1 1 0 0 0 0 0 1 1 0 1 1 0 1 0 1 0 0 0 1 0 0 1 0 1 0 
1 0 0 0 1 1 0 1 0 1 1 0 0 0 1 0 1 1 0 0 0 0 1 1 0 0 1 0 1 1 1 1 0 0 0 0 1 1 1 0 1 1 0 0 0 0 1 1 0 
1 0 1 0 1 1 0 0 1 0 1 0 0 0 0 1 1 0 0 0 1 1 0 0 0 1 1 1 0 0 1 1 0 1 0 1 0 1 1 0 0 1 0 1 0 0 1 0 1 
0 1 0 1 0 1 0 0 0 1 1 1 1 0 0 1 1 1 0 1 1 1 1 1 1 1 0 0 0 1 1 1 0 1 0 0 1 1 1 0 1 0 1 0 1 1 1 0 0 
1 1 0 0 0 0 0 0 1 0 0 1 0 1 1 0 0 0 1 0 0 0 0 0 0 0 1 1 0 1 0 1 1 0 0 0 1 1 1 1 1 0 0 0 1 0 1 1 0 
0 1 1 0 1 0 0 1 1 0 0 1 0 1 1 0 0 0 1 1 1 1 1 1 1 1 0 1 1 1 0 0 0 0 0 1 0 0 0 1 0 0 1 0 0 0 0 1 0 
1 1 0 0 1 0 1 1 1 0 1 0 1 1 0 1 1 1 1 0 0 0 0 1 0 0 0 0 1 0 0 0 1 1 0 0 1 0 1 0 0 1 1 1 0 1 0 1 0 
0 0 0 0 1 0 0 1 1 1 1 1 0 0 1 0 0 0 0 0 0 0 1 0 1 1 0 0 1 1 0 1 0 0 1 0 0 1 0 1 0 0 1 0 1 0 1 0 0 
1 0 1 0 0 1 1 0 1 0 1 1 0 0 1 1 0 0 0 1 0 0 0 0 0 0 0 1 1 1 1 0 1 0 1 0 0 0 0 0 1 1 1 1 0 1 1 0 0 
1 0 0 1 1 1 1 1 1 0 1 1 1 1 0 0 0 1 1 1 0 1 1 1 0 0 0 0 1 1 0 1 0 0 0 0 1 0 1 1 1 1 1 0 1 1 1 0 1 
0 1 0 0 1 1 0 0 0 0 0 1 0 0 0 0 1 0 1 0 1 0 1 1 0 1 0 0 1 0 0 0 0 1 1 0 1 1 1 0 0 0 0 1 0 0 0 1 1 
1 0 1 0 0 1 1 0 0 0 1 1 0 0 0 0 0 1 1 1 1 0 1 1 0 1 1 0 0 1 0 0 1 1 1 1 0 1 1 1 1 0 0 0 1 1 0 0 1 
1 0 1 1 0 0 0 1 1 0 0 0 0 1 0 0 1 0 0 1 1 1 0 1 0 1 0 1 1 1 0 0 0 1 0 0 1 0 0 1 1 1 0 0 1 1 0 0 0 
1 0 0 1 1 1 1 1 0 0 0 1 0 1 1 0 1 0 1 0 1 0 1 1 1 0 1 1 0 0 0 0 1 1 1 1 1 0 0 0 0 0 1 1 0 1 1 1 1 
0 0 1 1 0 0 0 0 1 1 0 0 1 0 1 1 0 1 1 0 1 0 0 1 0 1 0 0 1 0 0 0 0 0 0 0 1 0 1 1 0 0 0 0 0 0 1 1 0 
0 0 0 0 1 0 0 1 0 0 0 0 1 1 1 0 0 0 0 0 0 1 0 1 1 0 1 1 1 1 0 0 0 1 1 0 0 1 1 0 1 0 0 1 0 1 0 0 1 
1 0 1 0 1 1 0 0 0 0 1 0 0 0 1 0 1 0 1 0 0 1 0 0 1 0 0 0 0 0 0 0 1 1 0 1 0 1 0 1 0 1 1 1 0 1 0 0 0 
0 0 0 0 0 0 1 0 0 0 1 0 0 0 1 1 0 1 0 1 1 1 0 0 0 0 1 0 1 1 1 1 1 0 1 0 0 0 0 1 0 0 0 1 1 1 1 1 1 
0 1 0 0 1 1 0 1 1 1 0 0 1 1 0 0 1 1 1 1 1 1 1 0 1 1 1 1 0 0 0 1 0 0 1 0 0 0 0 0 0 1 1 0 1 0 0 0 0 
1 1 1 0 0 1 1 0 0 1 0 1 1 1 0 1 0 0 0 1 1 0 1 1 1 0 1 0 1 1 1 1 1 1 0 1 1 0 0 1 0 0 1 0 0 1 1 1 0 
0 1 1 1 0 0 1 1 1 0 1 1 1 0 0 0 0 0 0 0 0 1 0 0 0 1 0 0 1 0 0 0 1 1 1 1 0 0 1 0 1 0 1 1 0 1 1 0 0 
0 0 0 0 1 0 0 0 1 1 0 1 0 1 0 0 0 1 1 1 1 0 1 1 1 0 1 1 0 1 0 1 0 1 1 0 1 0 0 0 1 0 1 0 0 1 0 0 0 
0 1 0 0 1 0 0 0 1 0 0 1 1 1 0 1 0 1 1 1 1 1 0 1 0 1 0 0 1 0 1 1 1 1 1 0 0 1 1 0 0 1 0 1 0 1 1 1 1 
0 1 1 1 1 0 0 0 1 0 0 1 1 0 1 1 1 1 0 0 1 1 1 0 0 0 0 0 1 1 1 1 1 1 0 0 1 1 0 1 1 1 0 0 1 1 1 1 1 
0 1 1 1 1 1 0 0 0 0 1 0 1 1 0 0 0 1 0 0 0 1 0 1 0 1 1 1 0 1 0 0 1 0 0 0 0 1 1 1 0 0 0 1 1 1 1 1 0 
0 1 1 1 0 0 0 0 1 1 1 1 1 1 1 1 1 1 0 0 1 0 0 1 1 1 1 1 1 0 0 1 1 1 0 1 1 0 1 1 1 1 0 1 0 0 1 1 1 
1 0 1 1 1 1 0 0 1 1 1 1 0 0 0 1 1 1 0 1 1 1 1 1 0 0 1 0 0 0 1 0 1 1 0 1 0 0 1 1 0 0 1 1 1 0 0 1 1 
1 1 0 1 0 1 0 0 0 0 1 1 1 1 0 1 1 0 1 1 1 1 1 0 1 0 1 0 1 1 0 1 1 1 0 1 0 1 1 0 1 0 1 0 0 0 1 0 1 
0 1 0 1 0 1 1 1 1 1 1 1 1 0 0 1 0 1 1 0 1 0 0 0 1 1 1 1 0 0 0 1 1 1 1 1 0 1 1 0 0 1 1 0 1 1 1 0 0 
1 1 1 1 1 1 1 0 0 0 0 1 0 0 1 0 1 1 1 1 1 0 1 1 0 0 1 1 1 1 0 0 1 0 0 1 1 0 0 1 1 0 1 1 1 0 1 0 1 
1 1 1 1 0 0 1 1 0 0 1 1 1 0 0 1 1 1 0 0 0 0 0 0 1 1 0 1 0 0 1 0 0 0 1 1 1 1 0 1 1 0 1 1 0 1 1 1 0 
0 1 1 1 0 1 1 0 1 0 0 1 0 0 0 1 1 1 1 0 1 1 0 0 0 1 1 0 1 0 1 1 1 1 1 1 1 0 1 1 0 0 1 0 0 1 0 1 1 
0 1 0 0 0 1 0 0 1 0 0 0 0 1 0 0 1 0 1 0 0 0 0 0 1 0 1 0 0 1 0 0 1 1 0 0 1 1 0 1 1 1 1 1 0 1 0 1 0 
1 1 0 0 0 0 0 1 1 0 0 1 0 1 1 0 0 1 1 0 0 0 1 0 0 0 0 1 0 0 1 1 0 1 0 1 0 0 1 0 1 1 0 0 1 1 1 0 1 
1 0 0 0 1 1 1 1 0 0 0 0 1 0 1 1 1 1 0 1 1 0 1 1 1 0 0 0 1 0 1 1 1 0 0 1 1 1 1 0 0 0 1 0 1 1 1 0 1 
1 0 1 1 0 1 1 0 0 1 1 0 0 1 1 1 0 1 0 1 0 1 1 1 0 1 1 0 0 0 0 0 0 0 1 1 0 0 0 0 0 1 0 0 1 1 0 1 1 

28
1 0 0 0 1 0 1 1 0 0 0 0 0 1 0 0 1 1 0 1 1 0 1 0 0 1 0 0 
0 1 1 0 0 1 1 0 0 1 1 1 0 0 1 1 1 1 0 0 0 1 0 0 0 1 0 0 
1 0 1 1 0 1 1 0 1 0 0 1 1 1 0 0 1 0 1 0 1 0 1 1 1 1 1 0 
1 0 1 1 0 1 0 0 1 0 0 0 0 0 1 1 1 1 0 0 0 1 0 0 0 1 0 0 
0 0 1 0 0 0 0 0 0 1 0 0 1 1 1 1 1 0 0 1 0 1 1 0 1 0 1 1 
1 0 1 1 1 0 1 1 1 1 1 0 1 1 1 0 0 0 0 0 1 1 1 0 1 0 1 0 
0 1 1 0 1 0 0 1 1 0 0 0 0 0 0 0 0 1 0 0 1 1 1 0 0 0 0 0 
1 0 0 0 1 0 1 0 1 0 1 1 0 0 0 1 0 1 1 1 1 0 1 0 1 0 0 0 
1 1 0 1 0 0 0 0 0 0 1 1 0 1 1 0 0 0 1 1 0 1 1 0 0 0 1 1 
1 1 1 1 1 1 1 0 1 1 1 1 1 1 0 0 0 1 0 0 1 0 1 1 0 1 0 0 
1 0 0 1 1 1 0 0 0 1 0 1 1 0 0 0 1 0 1 0 1 0 1 0 1 0 1 1 
0 1 1 1 1 1 1 1 1 0 1 1 1 1 1 1 1 1 1 1 1 0 0 0 1 1 1 0 
0 0 0 0 0 0 0 1 0 1 0 1 1 1 1 0 0 0 1 0 1 0 1 0 0 0 0 1 
1 1 0 0 1 0 0 1 1 1 0 0 0 1 1 1 1 0 0 0 1 0 1 0 0 1 0 1 
1 1 0 1 0 1 0 1 1 1 1 1 0 0 0 0 1 0 1 1 1 1 1 1 0 0 0 1 
0 1 1 0 1 1 0 0 1 1 1 1 0 1 1 0 1 0 0 1 0 0 1 1 1 1 1 0 
0 0 0 1 0 0 1 1 0 1 0 0 1 0 0 0 1 1 1 0 1 0 1 1 0 1 0 1 
1 0 1 1 1 1 0 0 0 0 0 0 0 0 0 0 0 1 1 0 0 0 0 0 0 1 0 1 
0 1 1 0 0 0 1 0 1 1 1 1 1 1 1 0 0 0 1 0 1 0 1 1 1 0 1 0 
1 1 1 0 0 0 0 1 1 1 0 1 1 1 1 1 1 0 0 1 0 1 0 0 0 1 0 1 
1 0 1 1 0 1 0 1 1 1 1 0 0 1 1 1 1 0 1 0 0 1 1 0 0 0 0 1 
1 1 0 0 1 1 1 1 0 1 1 1 0 1 1 0 0 0 0 1 0 0 1 0 1 1 0 0 
1 1 0 1 0 1 0 0 0 1 0 0 3 0 1 0 0 1 0 0 1 0 1 1 1 0 0 0 
0 0 1 1 0 0 0 0 1 0 1 0 0 0 1 1 0 0 1 1 1 1 0 0 1 1 1 0 
1 0 0 0 0 1 1 1 1 1 1 0 1 1 1 0 1 1 1 1 0 0 1 0 1 0 1 0 
1 0 1 1 0 0 1 0 0 1 0 0 1 0 1 1 0 0 1 1 1 0 0 0 1 1 1 1 
0 0 0 0 1 1 1 0 0 1 0 1 1 0 1 1 0 1 0 0 1 0 0 0 0 1 1 0 
0 0 0 1 0 1 0 1 0 0 1 1 1 1 1 0 0 0 1 0 1 0 1 1 1 1 0 0 

23
1 0 1 1 0 0 0 0 0 1 0 1 1 1 0 0 1 0 1 1 1 1 0 
1 1 1 1 0 0 0 0 0 0 1 1 0 1 1 1 1 0 1 0 0 0 1 
1 1 0 0 0 0 0 0 1 0 0 1 1 1 1 0 0 0 1 0 0 1 0 
1 1 1 1 0 1 0 1 1 0 0 1 3 1 0 1 1 0 1 1 0 0 1 
0 0 1 1 0 1 1 0 0 1 1 1 0 1 1 0 0 0 1 0 0 1 0 
0 1 0 1 0 0 0 1 0 0 1 1 0 0 1 1 1 1 0 0 0 0 0 
0 0 0 0 0 1 0 1 1 0 0 1 0 0 1 1 1 0 1 0 0 0 0 
0 0 1 0 1 0 0 1 0 1 1 0 1 0 1 1 0 1 1 1 0 1 1 
0 1 1 0 1 0 1 1 0 1 0 1 1 1 1 0 1 0 1 0 1 0 0 
1 1 0 0 1 1 0 0 0 1 0 1 0 0 0 0 0 1 0 1 1 0 1 
0 1 1 0 1 0 1 1 0 0 1 1 0 0 1 0 0 1 1 1 1 0 0 
1 1 1 0 0 1 1 0 1 1 1 0 1 1 0 1 0 0 1 0 1 0 0 
1 0 0 1 1 0 0 0 1 0 1 0 1 1 1 0 1 0 0 0 1 1 1 
1 1 1 0 0 0 0 0 0 1 0 0 0 1 1 0 0 0 1 1 1 0 1 
0 1 1 1 0 1 1 1 0 1 0 0 0 0 1 0 1 0 1 1 0 1 0 
1 1 0 0 1 0 1 0 0 0 0 1 1 0 1 1 1 1 0 0 0 1 0 
0 1 1 0 0 0 1 1 1 0 1 0 0 1 1 0 1 1 1 0 0 0 1 
0 0 0 1 0 1 0 1 0 0 0 1 1 0 1 1 0 1 0 0 0 0 0 
1 0 1 1 1 0 0 1 1 0 0 0 1 1 1 0 0 0 0 0 1 0 0 
1 0 0 1 0 0 0 1 1 1 0 1 0 0 0 0 1 1 1 0 1 1 0 
1 1 1 0 1 0 1 0 0 0 0 0 1 1 0 1 1 0 0 0 1 1 1 
1 1 0 1 0 0 1 1 1 0 0 1 0 1 0 0 0 0 1 1 1 1 0 
0 0 1 0 0 0 0 0 0 1 0 0 0 0 0 0 0 1 1 1 1 0 1 

31
1 1 0 1 1 1 1 0 1 0 0 0 0 0 1 1 1 1 0 1 1 1 1 0 1 0 0 0 0 0 1 
0 0 1 1 0 1 0 0 0 0 0 0 1 0 1 0 1 0 0 1 1 1 1 0 0 0 0 0 0 0 0 
1 0 1 1 1 1 1 0 1 1 1 1 1 1 1 0 0 0 0 1 1 1 1 0 0 1 0 1 1 0 1 
0 0 1 1 0 0 1 1 0 1 1 1 0 1 1 1 0 0 1 1 0 1 1 1 1 1 0 1 0 0 0 
0 1 1 0 1 0 0 1 1 0 1 0 1 1 0 0 0 0 1 0 1 0 0 0 1 1 1 0 1 0 1 
0 0 1 0 1 1 0 0 0 0 1 1 1 0 0 0 1 1 0 1 1 0 1 1 1 1 1 0 1 0 0 
0 0 1 0 0 1 0 0 1 0 1 1 0 0 1 1 1 1 0 1 1 0 0 1 1 1 1 0 0 0 0 
0 1 1 0 0 0 0 1 1 0 0 1 1 0 0 0 0 1 1 1 0 0 1 1 0 0 1 1 1 0 1 
1 1 1 0 1 0 0 0 0 0 1 0 0 1 1 0 0 0 1 1 1 1 1 1 0 0 1 1 1 0 1 
1 0 0 0 1 0 0 0 1 0 1 1 0 1 0 0 1 1 0 1 1 1 0 0 1 1 1 0 0 1 1 
1 0 0 0 1 0 1 1 1 1 1 0 1 1 1 0 1 1 1 1 0 0 0 0 0 0 1 1 0 1 1 
0 1 1 0 1 1 0 1 1 1 1 1 1 1 1 0 0 3 1 1 1 1 1 0 0 0 1 0 0 0 0 
0 1 0 0 1 0 0 0 1 1 0 1 0 0 1 0 1 0 0 0 1 0 0 1 0 0 1 0 1 1 0 
1 1 1 1 1 1 0 0 0 1 1 0 0 0 0 0 0 1 0 1 1 0 1 1 1 1 0 1 1 1 0 
1 0 0 1 0 1 1 0 0 1 0 0 1 1 1 0 1 1 0 1 0 1 0 0 0 1 0 1 0 1 0 
0 0 1 1 1 1 1 1 0 0 0 0 1 1 0 1 0 1 1 0 1 0 0 0 0 1 0 0 0 0 0 
1 0 0 1 1 0 1 1 1 1 0 0 0 1 0 0 0 0 0 1 1 1 0 1 1 1 1 1 0 0 1 
1 0 1 1 0 1 1 0 0 1 0 0 1 1 1 1 1 1 0 0 0 0 1 1 0 0 0 1 1 1 0 
1 1 1 0 0 1 1 0 0 1 1 1 0 1 1 0 1 0 0 0 0 1 0 0 1 1 0 1 1 0 0 
0 0 0 1 1 1 0 1 0 0 0 1 0 0 0 1 0 0 1 1 0 1 1 0 0 1 0 1 1 1 0 
0 0 0 1 1 1 0 0 0 1 1 0 1 1 0 1 1 1 1 0 0 1 0 0 1 0 0 0 1 1 0 
0 1 0 0 1 0 0 1 0 0 1 0 1 0 1 0 0 0 0 0 0 1 1 0 1 1 1 0 1 1 0 
1 1 0 0 1 0 1 0 0 0 0 1 0 1 1 1 0 1 0 1 0 1 0 0 1 1 0 1 1 0 0 
1 0 1 0 1 1 1 1 0 1 0 0 1 0 1 0 0 1 0 0 0 1 0 0 1 0 0 1 1 0 0 
0 0 1 0 1 1 0 1 0 1 1 1 1 1 0 1 1 1 0 0 1 1 0 1 0 1 0 0 1 1 1 
1 1 1 1 0 1 0 1 1 0 0 0 0 0 0 1 0 1 1 0 1 1 1 1 0 0 0 0 0 1 0 
1 1 0 0 0 0 1 0 1 1 0 1 1 1 1 1 1 0 1 1 1 0 0 1 0 0 1 0 0 1 1 
0 0 1 0 1 0 0 1 0 0 0 1 1 0 0 1 1 1 1 1 0 0 0 0 0 0 1 1 0 1 1 
0 0 1 0 1 0 1 1 0 0 1 1 1 0 1 1 1 1 1 0 0 0 1 1 1 1 1 0 1 0 1 
1 1 0 1 1 1 1 1 1 1 0 1 1 0 0 1 0 0 1 0 1 0 0 1 1 1 0 0 1 1 1 
0 0 0 0 0 1 0 1 0 1 1 1 0 1 1 0 0 0 0 1 1 0 0 0 1 1 1 0 1 1 1 

5
0 0 1 0 0 
1 0 0 1 1 
1 1 0 1 1 
1 1 0 1 0 
1 3 1 1 1 

26
0 0 0 0 0 1 0 1 1 1 0 0 1 1 0 1 0 0 1 0 1 0 0 1 1 0 
0 0 1 0 0 1 1 0 0 1 1 1 1 1 1 0 1 1 1 1 0 1 1 0 1 1 
1 1 1 0 1 0 1 1 0 0 1 0 1 0 0 0 1 0 0 0 0 0 1 0 1 1 
1 1 1 1 0 1 1 0 1 1 0 0 1 0 1 0 0 1 0 0 1 0 1 0 1 1 
0 1 1 1 0 1 1 1 0 1 0 0 0 1 1 0 1 1 0 1 0 0 1 1 0 1 
0 1 0 1 0 1 0 1 0 1 1 0 0 1 0 0 0 0 1 1 1 1 0 0 0 1 
0 1 1 1 1 1 0 0 0 0 1 0 0 1 1 0 0 0 1 0 0 0 1 1 0 1 
0 0 1 0 1 0 0 1 1 0 1 1 0 1 0 1 0 0 1 0 0 1 0 0 1 1 
0 0 1 0 0 1 0 0 1 0 0 1 1 1 0 1 1 1 0 1 1 0 1 1 1 1 
1 0 0 0 1 1 1 1 1 0 0 0 0 1 0 1 0 0 0 1 0 1 0 0 0 1 
0 0 0 1 0 1 0 0 1 0 1 0 0 1 1 1 0 1 1 1 0 1 0 0 0 1 
1 1 1 0 0 1 0 1 1 0 0 0 0 1 1 1 1 0 0 1 0 1 1 1 0 1 
1 1 1 1 0 0 1 0 1 0 1 1 0 1 0 0 0 0 0 0 1 1 1 1 0 1 
0 0 1 0 0 0 1 0 0 0 1 1 1 1 1 0 0 0 1 1 0 1 1 1 1 0 
0 1 1 0 0 0 1 1 1 1 0 1 0 0 1 1 0 1 0 0 1 0 1 0 0 1 
1 1 0 1 0 1 0 0 1 0 0 1 1 1 1 0 0 0 1 1 0 1 0 1 0 1 
0 1 0 1 1 0 1 1 0 0 1 1 0 1 1 1 0 0 0 1 1 0 1 0 0 0 
0 1 0 1 1 0 0 0 1 0 0 0 1 0 1 1 1 0 0 1 0 1 1 1 1 0 
0 1 1 1 1 0 1 0 1 0 0 1 1 0 1 0 1 1 0 1 0 1 0 1 1 0 
1 0 1 0 1 1 0 0 0 0 0 0 1 0 0 0 0 0 1 0 0 0 1 1 1 0 
1 1 1 0 0 1 1 1 1 1 1 1 1 1 1 1 0 0 1 0 1 0 0 1 1 0 
1 0 1 0 0 0 1 0 1 1 1 1 1 1 1 0 0 1 0 1 0 0 0 0 0 1 
0 0 1 1 1 0 0 1 1 1 1 1 1 1 0 0 0 1 0 0 3 1 0 1 0 1 
1 0 1 0 0 0 0 0 1 1 1 0 0 1 0 0 1 0 0 0 0 1 0 1 0 1 
0 0 1 1 0 1 0 1 1 1 1 1 0 1 0 0 1 1 0 0 1 0 0 1 1 1 
0 0 1 0 0 1 0 0 1 1 1 1 0 1 0 1 0 0 0 1 1 1 1 1 1 0 

16
1 1 0 1 1 1 0 0 1 0 0 0 0 0 0 1 
1 1 0 1 0 1 0 1 1 1 0 0 1 1 1 0 
1 0 1 0 0 1 1 0 1 0 1 1 1 1 1 0 
0 0 0 0 0 0 0 1 0 1 1 1 0 1 1 1 
0 0 0 1 1 1 1 0 1 1 0 1 1 0 0 0 
0 1 0 0 1 0 0 1 1 0 1 1 3 1 0 1 
0 1 1 1 1 0 1 0 1 1 1 1 0 1 1 1 
1 1 1 1 1 0 1 1 0 0 0 0 1 0 0 0 
0 0 0 1 0 0 1 0 1 0 0 1 0 1 0 1 
0 1 1 1 1 0 1 0 0 1 0 1 1 0 1 0 
1 1 1 1 0 1 0 0 0 0 0 0 1 1 1 0 
0 0 0 0 1 0 1 1 0 0 0 0 0 1 1 0 
0 1 1 0 0 0 1 1 0 1 1 0 1 0 1 1 
0 1 0 0 0 0 0 1 0 0 0 1 0 0 0 0 
1 0 1 0 1 0 0 0 1 1 0 0 0 1 0 0 
0 1 0 1 0 0 0 1 1 1 0 1 0 0 0 1 

37
1 1 1 1 0 1 1 0 1 0 0 0 0 0 0 0 0 1 1 0 1 1 1 1 0 0 0 0 1 1 0 0 0 0 1 0 0 
1 0 1 1 1 1 1 0 0 1 0 1 0 0 1 1 0 1 0 0 0 1 1 0 0 1 1 1 0 1 0 0 1 1 0 0 0 
0 0 1 0 1 0 1 1 1 0 0 1 0 1 0 0 0 1 1 0 0 0 0 0 0 0 1 0 0 0 0 0 1 0 0 0 0 
1 0 0 0 0 1 0 0 1 0 0 1 0 0 0 1 0 1 1 1 1 0 1 0 0 0 1 1 1 0 1 0 1 0 1 0 1 
1 1 1 1 1 0 1 1 0 0 1 0 0 0 1 0 0 1 0 1 0 1 0 1 1 1 0 0 0 1 0 1 1 0 1 0 1 
1 0 0 0 0 1 0 0 0 1 1 1 0 1 0 1 0 0 1 0 0 0 0 1 1 1 0 1 1 1 1 1 0 0 0 0 0 
1 0 1 1 1 0 1 1 1 0 1 0 0 0 0 1 1 1 0 1 0 0 0 1 0 1 1 0 0 0 1 0 1 1 1 1 0 
1 1 0 1 0 1 1 0 0 0 1 0 1 0 1 1 1 1 0 0 1 0 0 1 1 0 1 0 1 1 0 0 1 1 1 0 0 
1 0 0 0 1 1 0 0 0 1 0 1 1 1 0 0 0 0 1 1 1 1 0 0 0 1 0 0 0 0 0 0 0 1 0 1 0 
1 0 1 1 0 0 0 1 1 1 1 0 1 0 1 0 0 1 1 0 0 0 0 1 1 0 1 1 1 1 1 1 0 0 0 1 0 
0 0 0 0 1 1 1 1 0 1 0 0 1 0 0 0 0 1 0 1 0 1 1 1 1 0 1 1 1 1 1 0 0 0 1 1 0 
1 1 0 0 1 1 1 1 0 0 0 1 0 1 1 1 0 1 0 1 0 0 1 0 0 0 0 1 0 1 1 0 1 0 1 0 1 
1 0 0 1 0 1 1 1 0 0 0 0 0 0 0 0 0 1 1 0 1 0 0 1 0 0 0 0 1 1 0 0 0 1 0 1 1 
1 1 1 1 1 0 0 1 0 0 0 0 0 1 0 0 1 1 1 0 0 0 0 0 0 1 0 0 1 1 0 1 0 0 1 0 1 
1 1 0 1 1 0 1 0 0 0 1 1 0 0 1 0 1 0 0 0 1 1 1 1 1 0 1 1 0 0 1 1 1 1 1 1 0 
1 1 1 1 0 1 0 0 0 0 1 1 1 0 0 0 1 0 0 1 1 0 0 1 0 0 1 1 0 1 1 0 0 0 0 1 1 
0 1 0 0 0 0 1 1 1 1 1 0 1 1 0 1 1 1 1 1 0 0 1 1 0 1 1 0 1 0 1 1 1 0 0 1 1 
1 0 0 0 0 0 1 1 1 0 1 0 1 0 0 1 0 1 0 0 1 0 0 0 1 0 0 0 0 1 0 0 1 1 1 0 0 
0 1 0 0 1 0 0 0 0 0 1 0 1 1 1 0 0 1 0 0 0 1 0 1 1 1 1 0 0 0 0 0 1 0 0 1 1 
0 0 1 0 1 1 1 0 0 1 0 1 0 1 0 1 1 0 0 0 0 1 0 1 1 0 1 0 0 1 0 1 0 0 1 1 0 
1 1 1 0 1 0 0 1 0 1 0 1 1 0 1 0 0 1 0 0 0 0 1 0 0 1 0 0 1 0 0 1 1 1 0 0 1 
1 1 1 0 0 0 0 1 0 1 0 1 0 0 0 0 1 1 0 0 0 0 1 1 1 0 1 0 0 1 1 0 0 1 1 1 1 
1 1 0 1 1 1 0 1 1 0 0 1 1 0 0 1 0 0 1 0 0 1 1 0 0 1 0 0 1 1 1 1 0 1 0 1 0 
1 1 0 0 0 1 0 0 1 1 0 1 0 0 0 0 1 0 0 1 1 1 1 1 1 0 1 1 1 1 1 0 0 1 1 1 1 
0 1 0 0 0 1 1 0 1 0 0 0 1 0 1 0 1 1 1 0 1 0 0 1 1 1 1 0 1 0 0 0 1 0 0 0 0 
0 0 0 0 1 0 0 1 1 0 0 0 1 0 0 0 0 1 0 1 0 1 0 1 1 0 1 1 0 1 0 0 0 1 1 1 0 
0 1 0 1 0 1 1 0 1 0 1 0 1 1 1 1 0 1 0 1 1 0 1 1 0 1 0 0 1 1 0 0 1 1 0 1 1 
1 0 1 0 1 0 0 1 0 0 0 0 1 0 1 1 1 1 1 0 0 0 0 1 1 1 0 0 1 0 1 1 0 0 1 1 0 
1 0 1 1 0 1 1 1 1 1 0 1 1 1 0 1 1 1 0 1 1 0 1 1 1 0 1 0 1 0 1 0 1 1 1 1 1 
0 1 0 0 1 1 1 1 1 1 1 1 1 1 0 1 1 0 0 0 1 1 0 0 0 1 0 1 1 1 0 1 1 0 1 0 1 
0 1 0 1 0 1 1 1 0 1 1 1 0 0 0 0 0 0 1 0 1 1 1 1 1 0 1 0 1 1 0 1 1 1 1 1 1 
0 0 1 0 1 3 1 0 1 1 1 1 1 1 0 1 1 1 0 1 1 0 1 0 1 0 0 1 0 0 1 1 0 1 1 0 0 
0 0 0 1 0 1 0 0 0 0 0 1 1 0 1 1 1 1 0 1 0 1 0 0 1 0 0 1 0 0 1 0 1 1 1 1 0 
1 1 1 0 1 1 0 1 0 0 1 1 1 0 1 0 1 0 1 0 1 1 1 1 0 1 1 0 1 0 0 0 1 0 1 0 0 
1 0 1 0 0 1 0 1 0 0 0 1 0 1 0 1 0 1 0 1 0 0 1 1 0 0 0 0 1 1 1 0 1 0 1 1 0 
1 1 0 1 0 1 1 1 1 1 1 1 1 0 0 1 0 1 1 0 1 0 1 1 1 1 0 1 0 0 1 0 0 1 1 1 0 
0 1 1 1 0 1 0 0 1 0 0 1 0 0 0 0 1 0 0 1 0 1 1 1 1 1 1 1 0 0 0 0 0 1 1 1 0 

46
1 0 0 1 0 1 0 1 1 1 0 1 1 0 0 1 0 0 1 0 0 0 1 0 0 0 0 0 0 1 0 0 0 0 1 1 1 0 1 0 1 0 0 0 1 0 
0 0 1 1 0 1 1 0 0 1 1 1 0 1 0 1 1 0 0 0 1 0 0 1 1 1 1 0 1 1 0 1 1 1 0 1 1 1 0 1 1 0 0 0 1 1 
0 1 1 0 1 1 1 1 1 0 1 1 1 0 1 1 0 1 0 1 1 1 1 1 0 1 0 1 1 1 1 0 1 1 1 0 0 1 0 1 0 1 0 1 1 1 
0 0 0 0 1 1 1 1 1 0 0 0 1 0 0 0 1 0 1 1 0 0 0 0 1 0 1 1 0 1 0 1 0 1 0 1 1 0 0 1 1 1 1 1 0 0 
1 0 0 1 0 1 0 0 0 0 0 1 0 1 1 1 1 0 1 0 0 1 1 1 1 0 1 0 1 0 0 1 0 1 1 0 1 0 0 0 0 0 0 0 0 1 
1 1 1 1 0 0 1 0 1 0 1 1 0 0 1 1 0 1 0 0 0 1 0 1 1 0 0 0 1 1 1 0 1 1 1 1 1 0 0 0 0 1 0 0 0 0 
0 1 0 1 1 1 0 0 0 0 1 1 0 1 0 0 1 1 0 0 1 0 0 1 0 0 1 1 0 1 1 0 1 0 1 1 1 0 0 1 0 1 0 0 1 0 
0 1 1 0 0 0 0 0 1 0 0 1 1 1 0 1 1 0 1 1 0 0 0 0 0 0 1 1 1 1 0 1 0 0 1 1 1 0 1 1 1 0 0 0 0 1 
0 0 0 0 1 1 1 1 1 1 1 1 1 0 0 0 0 1 0 1 0 0 1 0 1 0 0 0 0 0 1 0 0 0 1 1 1 0 1 0 1 1 0 0 0 1 
1 1 1 0 0 0 0 1 1 1 1 0 0 1 0 1 0 1 1 1 0 0 1 0 1 1 0 1 0 1 0 1 1 0 1 1 0 1 1 1 0 1 0 0 1 0 
0 0 1 1 1 1 1 1 1 0 1 0 0 1 0 0 1 1 0 0 0 1 0 0 1 0 1 1 1 0 1 0 1 1 0 1 1 1 1 1 1 1 1 1 0 1 
0 1 1 1 0 0 1 1 1 1 0 0 1 0 1 1 0 1 0 0 1 1 1 1 0 1 1 0 1 0 1 0 1 0 0 1 1 0 1 1 0 0 0 1 1 0 
1 0 0 1 0 1 1 0 1 1 1 1 0 1 0 0 0 1 1 1 1 1 0 0 0 0 0 1 1 1 1 1 0 0 0 0 0 0 0 0 0 0 1 0 0 1 
0 0 0 0 1 1 0 1 1 1 0 1 1 1 1 0 1 0 1 0 1 1 0 1 1 0 1 0 0 0 0 1 0 0 0 0 0 1 0 0 1 1 1 0 0 1 
0 1 0 1 1 0 0 1 0 0 0 0 1 0 0 1 0 0 1 1 1 1 1 0 0 1 1 1 1 0 1 1 0 1 0 1 0 0 0 1 1 0 0 1 1 1 
0 0 0 1 0 1 0 1 1 1 1 1 0 1 0 0 0 0 0 0 0 0 0 1 1 0 1 0 1 1 0 1 0 0 0 0 1 1 1 0 1 0 1 0 1 0 
0 1 0 1 1 1 1 0 1 1 0 0 1 1 1 1 0 0 0 0 1 1 1 0 0 0 1 0 0 1 1 1 1 1 0 1 1 0 1 1 0 0 1 1 1 0 
0 0 0 1 1 0 0 0 0 0 1 1 0 0 1 1 1 1 1 1 1 1 0 1 1 0 1 1 1 1 1 0 0 1 0 1 0 1 0 0 1 0 0 0 0 1 
0 0 0 0 1 0 1 0 1 0 0 0 1 0 0 1 0 1 1 0 0 1 0 1 0 0 0 0 1 0 1 1 0 1 0 0 0 0 0 1 1 0 1 1 1 0 
0 0 1 1 0 0 0 1 1 0 1 0 0 1 1 1 1 0 0 0 0 1 0 0 0 1 1 1 1 0 1 0 1 0 1 0 1 1 1 1 1 0 0 0 0 0 
1 0 0 1 0 0 0 0 1 0 1 0 1 0 0 0 1 0 0 0 0 1 0 1 0 1 1 0 0 1 0 1 1 1 0 0 1 1 0 1 0 1 0 0 0 0 
1 1 0 1 1 1 0 1 1 1 0 1 1 1 0 1 1 0 0 1 0 0 1 1 0 0 0 1 1 0 0 1 0 0 0 1 0 0 1 0 1 0 1 1 1 0 
1 1 1 1 1 0 1 0 1 0 0 1 0 0 0 1 1 0 1 0 1 0 0 1 0 1 1 0 0 0 1 1 1 0 0 1 1 0 1 1 1 1 1 0 0 1 
1 1 1 1 0 0 0 1 1 0 1 0 1 1 1 0 1 1 1 0 0 1 1 1 1 1 0 1 1 1 1 1 1 0 0 1 0 0 1 1 1 1 0 0 0 0 
0 1 1 1 0 1 0 1 1 0 0 1 1 1 1 1 1 0 1 1 1 0 1 0 1 0 1 1 1 0 1 0 1 1 0 1 0 1 1 0 1 0 0 0 1 0 
1 0 0 0 1 0 0 1 0 0 0 1 0 0 0 1 1 1 1 0 1 1 0 1 1 0 1 1 0 1 0 0 1 1 1 1 0 0 0 1 1 0 0 0 1 0 
1 0 0 0 1 0 1 1 1 1 1 0 1 0 0 0 1 0 1 1 1 0 1 0 1 0 0 0 1 0 0 0 0 0 1 0 1 1 0 0 0 1 0 1 0 1 
0 0 0 0 1 1 1 1 1 1 1 0 0 0 0 0 0 0 0 1 0 0 1 0 0 1 0 1 1 0 1 1 1 1 1 1 0 1 0 1 0 1 1 1 1 1 
1 0 1 1 1 1 0 0 1 0 0 0 0 1 0 0 0 1 1 1 1 0 0 0 0 1 1 1 1 0 1 1 0 0 0 0 1 0 1 1 0 1 1 0 0 0 
0 1 1 1 0 0 0 1 0 0 1 1 1 0 1 0 0 1 0 0 0 1 1 1 1 1 0 1 0 1 1 0 0 1 1 1 1 1 0 1 0 0 0 0 0 0 
1 0 0 1 1 1 0 1 1 0 0 1 0 0 0 1 1 0 1 0 1 0 0 1 1 0 1 1 0 0 0 0 1 0 0 0 1 1 1 1 0 1 0 1 0 0 
1 1 1 0 0 1 0 1 0 0 0 0 0 1 1 0 0 0 0 0 1 0 1 0 1 0 1 0 0 0 1 0 0 1 1 0 0 1 1 1 1 1 1 1 1 0 
0 1 0 0 1 1 1 0 0 0 0 1 0 1 0 0 1 0 1 0 0 0 1 0 1 1 1 1 1 0 1 1 1 0 0 0 1 0 1 0 0 0 1 0 0 1 
1 1 0 1 1 1 0 0 0 1 0 0 0 0 0 1 0 1 0 0 1 1 0 1 0 1 1 0 0 1 3 1 0 1 0 0 1 1 1 1 1 0 1 0 0 0 
0 1 1 1 0 0 1 0 1 0 0 0 0 1 1 1 1 1 0 1 1 1 1 0 1 1 1 0 1 1 0 1 0 0 0 1 1 0 1 0 0 1 0 1 1 0 
0 0 1 0 0 0 1 0 0 1 1 0 0 1 0 0 0 0 1 1 0 1 0 0 1 0 1 0 0 0 1 0 1 0 0 1 0 1 0 0 0 0 1 1 0 1 
1 1 0 1 1 0 1 1 0 0 1 1 0 0 0 1 1 0 0 0 1 0 0 0 0 0 0 1 0 0 0 1 1 0 0 1 1 0 0 0 1 1 0 1 0 0 
1 0 0 1 0 0 0 1 1 1 1 1 1 0 1 1 1 1 1 1 1 0 0 1 1 1 0 0 0 1 1 1 0 0 0 0 1 1 1 0 0 1 0 0 0 1 
1 0 1 0 1 0 1 0 1 0 1 0 1 0 1 0 0 0 1 0 0 1 0 0 0 0 1 0 1 1 0 0 0 0 0 0 1 1 1 0 1 1 0 1 1 0 
1 1 1 1 1 0 0 1 1 1 0 1 1 0 1 1 1 0 1 0 0 0 0 0 1 0 1 1 1 0 0 1 0 1 1 1 0 0 0 0 1 1 0 0 0 0 
1 0 0 0 0 1 1 1 0 1 1 0 0 1 0 0 1 0 0 0 0 0 1 1 0 0 1 0 0 1 0 0 1 1 1 1 1 1 0 1 1 1 1 1 1 0 
0 0 1 1 0 1 0 1 1 1 1 0 1 1 0 1 0 0 1 1 0 1 0 0 1 0 0 0 1 0 1 0 1 0 1 0 0 1 1 1 0 0 1 0 0 0 
1 1 1 1 0 0 0 1 0 1 1 1 0 0 0 0 0 0 1 1 0 0 1 1 1 0 0 1 1 1 0 1 0 1 1 1 1 0 0 0 1 1 1 0 1 0 
1 1 1 1 0 1 1 1 1 1 0 1 1 1 1 1 0 0 1 1 1 1 1 1 0 0 0 1 1 1 1 1 0 0 1 1 0 0 0 0 0 0 0 0 0 1 
1 1 1 1 1 1 0 0 0 1 1 0 1 0 1 0 1 0 1 1 0 1 0 1 1 0 1 0 0 0 1 0 0 1 1 0 1 0 1 0 1 1 1 1 1 0 
0 1 1 0 1 0 0 1 0 1 1 0 1 1 1 0 0 1 0 0 0 0 1 1 0 0 1 0 1 1 1 1 1 0 1 1 0 1 1 0 1 0 1 1 0 0 

7
0 1 0 0 1 1 1 
0 1 0 1 0 0 0 
1 0 0 3 1 0 0 
0 0 0 0 0 0 0 
1 1 1 0 1 1 0 
0 0 1 1 0 1 0 
1 1 0 0 0 1 1 

49
0 0 1 1 1 0 0 1 1 0 0 1 1 0 1 0 1 0 1 0 1 0 1 1 0 1 0 1 1 0 0 1 1 1 1 1 1 0 1 1 0 0 0 1 0 1 0 1 1 
0 0 0 1 0 0 1 0 1 0 1 0 1 0 1 1 0 1 0 1 0 0 0 1 0 1 0 1 1 0 1 0 1 0 1 1 1 1 0 1 1 0 1 0 0 0 0 1 0 
0 0 0 0 0 0 0 0 1 0 1 0 1 0 0 0 0 0 0 1 0 1 0 0 0 1 0 1 1 0 0 0 0 1 1 1 0 1 0 1 0 0 1 0 0 1 1 0 0 
1 0 1 1 1 1 1 1 0 1 0 0 1 0 0 1 0 1 1 1 0 1 0 0 1 0 0 0 1 1 0 1 0 0 0 0 0 0 1 1 1 0 1 1 0 0 0 0 0 
1 1 1 1 1 1 1 0 0 1 0 0 1 1 1 0 0 0 0 1 1 1 1 0 0 1 0 1 0 1 1 0 1 1 0 0 0 1 0 0 0 1 1 0 0 0 1 0 0 
0 0 1 0 1 0 0 0 1 0 1 0 1 1 1 1 1 0 0 0 1 1 0 0 1 0 0 0 0 0 1 1 1 0 0 0 0 0 0 1 1 1 0 1 0 1 1 1 1 
1 0 0 0 0 1 1 0 0 0 0 1 0 0 0 1 1 0 0 1 0 1 0 0 1 0 1 0 0 0 0 0 0 0 1 1 1 0 0 1 0 0 0 0 0 1 1 0 0 
1 1 1 0 0 1 0 0 0 0 0 0 1 0 0 1 1 1 0 1 1 1 0 1 0 0 0 0 1 1 1 1 0 0 0 1 1 0 1 1 1 1 1 0 0 0 0 1 1 
0 1 1 1 0 0 0 1 1 0 1 0 1 0 1 1 0 0 1 1 1 1 0 1 0 0 1 0 1 0 0 0 1 1 1 0 0 1 0 0 0 0 0 0 0 0 1 0 1 
1 1 0 1 0 0 1 0 1 1 1 1 1 1 1 0 0 1 0 1 1 0 1 0 0 1 0 0 0 0 0 1 0 1 1 1 0 1 0 0 1 0 1 0 0 0 1 0 1 
0 0 1 1 1 1 0 0 1 0 1 0 0 1 0 1 1 0 0 0 1 1 0 1 1 1 1 0 0 1 1 0 1 0 1 1 1 0 1 1 0 0 1 0 0 1 1 0 1 
1 1 0 1 1 1 0 1 0 0 0 1 1 1 1 1 1 1 1 0 0 0 0 1 0 0 0 1 1 0 1 1 1 0 1 1 1 1 1 0 0 1 0 0 1 1 0 1 0 
1 0 1 1 1 1 0 0 0 0 0 1 0 0 0 1 0 0 1 0 0 1 1 1 0 1 0 0 1 0 1 1 0 0 0 0 1 0 1 0 0 1 0 0 0 0 0 1 0 
1 1 0 1 0 0 1 0 1 0 0 0 0 1 1 1 0 1 1 0 0 0 1 0 0 1 1 1 0 1 1 0 0 1 1 1 0 0 1 0 1 0 0 1 0 1 1 1 0 
0 1 0 1 1 1 0 0 1 1 1 1 1 1 1 1 0 0 0 0 1 1 1 1 0 1 0 1 0 0 0 0 0 0 1 1 1 0 0 1 1 1 0 0 0 0 0 1 1 
0 0 1 1 1 0 1 0 1 0 1 0 1 1 0 0 0 1 1 1 0 0 1 1 1 1 0 1 1 1 1 0 1 0 0 0 1 1 1 0 1 0 1 1 1 0 0 0 0 
0 0 0 1 0 0 1 1 0 0 0 0 0 0 0 1 1 0 1 0 1 1 1 0 1 1 1 0 1 0 1 0 0 1 1 0 0 1 0 1 0 1 0 0 1 0 0 1 0 
0 1 1 1 1 0 0 1 1 0 0 0 1 1 0 1 1 0 0 0 1 1 0 0 1 0 0 1 0 0 1 0 1 1 1 1 1 1 1 0 0 1 0 1 1 0 1 1 0 
1 0 1 1 0 1 0 1 1 1 0 0 1 0 1 0 1 0 1 1 1 1 1 0 1 1 1 0 1 1 1 1 1 1 1 1 1 0 0 0 1 0 0 0 1 0 1 1 1 
0 1 1 1 1 1 1 3 1 0 1 1 0 1 1 1 0 0 0 0 1 0 0 0 0 1 1 0 1 1 0 1 1 0 1 0 0 1 1 0 0 1 0 1 1 1 0 0 1 
1 1 1 1 0 0 1 0 1 1 1 1 1 1 0 1 1 0 1 1 1 0 0 0 0 1 0 1 0 0 0 1 0 0 1 0 0 0 1 0 0 0 0 1 0 0 0 1 1 
0 1 1 1 1 0 0 0 1 0 0 0 0 1 0 0 1 0 1 0 1 1 1 0 0 1 1 1 1 1 1 0 1 1 1 0 1 1 0 0 0 1 1 0 1 1 1 0 1 
0 1 0 0 1 0 1 1 1 1 0 0 0 0 0 0 0 0 1 1 0 1 0 1 1 0 1 0 0 1 1 0 0 1 0 0 1 0 1 0 0 0 0 1 0 1 0 0 0 
0 1 1 1 1 0 0 1 1 1 0 1 1 1 0 1 0 0 0 1 1 0 1 0 1 1 1 0 1 0 0 1 1 1 1 0 1 0 0 1 0 0 0 1 1 1 1 1 0 
1 1 1 1 1 0 1 0 1 0 1 0 0 0 1 1 0 1 0 1 1 1 0 1 1 0 1 0 1 1 1 1 0 0 0 0 0 0 1 1 1 1 0 1 1 0 1 1 1 
1 0 1 0 1 1 1 0 1 0 1 0 1 0 0 1 1 1 0 1 0 1 0 0 0 1 0 1 1 1 0 0 0 0 1 1 0 0 0 1 1 1 1 0 0 1 0 1 0 
0 1 1 0 1 0 1 0 0 0 1 1 0 1 0 1 0 1 0 0 0 0 0 0 1 0 1 1 1 1 1 1 0 1 1 0 0 1 1 0 1 0 1 1 1 0 1 1 1 
1 0 1 0 1 1 0 0 0 0 0 1 1 1 1 0 1 1 0 1 0 1 1 0 0 1 1 1 0 0 1 0 1 0 1 1 1 1 0 0 1 0 0 1 0 0 1 1 1 
0 1 1 1 0 1 1 1 1 0 1 1 1 0 1 0 1 1 1 0 0 0 0 0 1 0 1 0 0 1 0 0 1 0 1 1 1 0 1 0 1 1 1 0 1 0 1 1 0 
1 0 0 1 0 0 1 0 1 1 1 1 1 0 0 0 1 1 1 1 1 1 0 0 0 0 0 0 0 1 1 1 1 0 1 1 0 1 0 1 0 1 1 0 1 1 0 0 1 
1 0 0 0 1 1 1 1 0 0 1 0 1 1 1 1 0 0 0 1 0 1 1 1 0 1 1 1 1 0 1 1 0 1 1 0 0 0 0 1 1 0 0 1 1 1 1 1 0 
1 1 1 0 0 0 1 0 0 0 0 0 0 1 1 1 1 0 1 1 1 1 1 1 1 0 1 0 0 0 0 0 0 1 0 0 1 0 0 0 0 0 0 0 0 1 0 1 0 
0 0 1 1 1 0 1 0 0 1 1 1 0 0 0 0 1 1 1 0 0 0 0 0 0 1 0 1 0 1 1 0 0 1 1 1 1 1 0 1 1 0 1 0 1 0 0 0 1 
1 0 1 0 0 0 0 0 1 0 1 0 1 1 0 1 0 1 1 0 1 1 0 0 0 1 1 1 0 1 0 0 1 1 1 0 1 1 1 1 0 0 0 0 1 1 0 0 1 
1 0 1 0 0 0 0 0 0 0 1 1 0 1 1 0 1 0 1 0 1 0 0 1 0 0 1 1 0 1 1 0 0 0 0 1 0 0 0 0 0 1 0 0 0 0 1 1 0 
1 1 0 0 0 1 0 0 0 0 1 0 1 1 0 1 0 0 1 1 1 0 1 1 0 0 0 1 1 1 1 1 0 0 1 0 1 0 1 1 1 1 0 1 0 0 1 0 1 
0 0 0 1 1 1 0 0 0 0 0 1 1 1 1 1 1 1 0 0 1 1 1 0 0 1 1 0 0 1 0 1 1 0 0 1 0 0 1 1 1 0 0 0 1 0 0 1 0 
0 0 1 1 0 1 0 1 0 1 0 0 1 1 0 1 1 1 0 1 1 1 0 1 0 0 1 0 0 1 0 0 0 0 0 1 0 1 1 1 0 0 0 1 0 1 1 1 1 
1 1 0 0 1 1 0 0 1 0 1 0 1 1 1 1 0 1 1 0 1 0 1 0 0 0 0 0 0 0 1 0 0 1 0 1 1 1 1 1 0 1 1 0 0 0 1 1 1 
0 0 0 0 0 1 0 0 0 1 1 1 0 0 1 1 0 1 0 1 1 1 1 0 0 1 0 1 1 0 0 1 1 1 1 0 0 1 0 0 1 0 0 0 1 1 0 0 1 
0 1 1 0 0 0 0 1 1 0 1 0 0 0 0 1 1 1 0 1 1 0 1 0 1 1 1 1 0 0 0 0 0 0 1 1 1 0 0 1 1 1 1 0 1 0 1 1 0 
0 0 0 1 1 0 1 1 0 0 0 0 0 1 1 1 1 0 1 0 1 0 0 0 0 0 0 1 0 0 1 1 0 1 1 0 1 0 0 0 1 0 0 0 0 1 1 1 1 
1 1 1 0 1 1 0 0 0 0 1 0 0 0 1 0 0 0 1 1 1 0 0 0 1 0 0 0 1 1 0 1 0 1 1 1 0 1 1 1 0 1 0 1 1 1 1 0 1 
1 0 0 1 1 0 0 1 0 1 0 0 0 1 1 1 0 0 0 0 0 0 1 0 0 1 1 0 0 0 0 1 0 0 1 0 1 0 1 0 0 1 1 1 0 0 1 0 1 
0 1 1 0 0 0 1 1 1 0 1 0 1 1 1 0 1 1 0 1 0 1 0 0 1 0 0 1 1 0 0 0 0 1 0 1 1 1 1 1 0 0 0 0 1 0 0 1 1 
0 0 0 1 1 0 1 1 0 1 0 0 1 0 0 1 1 1 0 0 1 1 1 1 1 0 0 0 1 1 0 0 1 0 1 0 1 0 1 0 1 1 1 0 0 1 0 0 0 
0 0 0 1 1 1 1 0 1 0 1 1 0 1 1 1 0 1 0 0 0 1 0 1 0 1 0 1 1 0 1 0 1 0 0 1 0 0 0 1 0 0 0 0 0 1 1 0 1 
1 0 1 0 1 1 1 1 1 1 1 0 0 0 0 1 0 0 0 1 0 0 0 1 1 1 0 1 0 1 1 1 1 1 1 1 1 0 1 1 1 0 1 1 0 1 0 0 1 
0 0 0 1 1 0 0 1 1 1 0 1 1 0 0 0 0 0 1 1 0 1 0 1 0 1 1 0 1 0 0 0 1 0 1 0 1 0 0 0 0 1 1 0 1 0 0 1 0 

12
0 0 0 1 0 1 0 0 0 0 1 0 
1 1 1 1 1 0 0 0 0 0 1 0 
0 0 0 1 1 1 0 1 0 1 0 0 
1 1 0 0 0 0 1 0 0 3 0 1 
1 1 1 1 0 1 1 0 0 1 0 1 
0 0 1 1 1 1 0 1 0 0 0 0 
0 1 0 1 0 1 1 1 1 1 1 0 
0 1 1 1 0 1 0 0 1 1 0 0 
0 0 0 0 0 1 0 1 0 1 1 0 
1 1 1 1 1 0 1 1 1 0 1 0 
0 0 0 0 0 1 1 0 0 0 1 1 
1 0 0 0 1 0 0 0 0 0 0 1 

32
0 0 1 1 1 1 1 1 1 1 1 1 1 0 0 0 0 1 0 1 0 0 0 0 0 0 1 0 1 0 0 0 
1 0 1 1 0 0 1 0 0 1 1 1 0 1 0 0 0 1 0 1 0 0 1 0 1 0 1 0 1 1 0 0 
0 0 1 0 0 0 1 0 1 1 0 0 1 0 0 0 0 0 1 1 0 0 0 0 0 0 0 1 0 1 1 0 
1 0 0 0 1 1 1 0 1 0 1 1 0 0 0 0 0 1 0 1 1 0 0 1 1 1 1 0 1 1 0 3 
0 0 0 0 0 0 1 1 1 0 0 0 0 0 1 0 0 1 0 1 0 0 1 1 1 0 1 0 1 0 1 1 
0 0 0 0 0 0 0 1 0 0 1 0 1 1 1 1 1 0 1 1 1 0 1 0 0 0 0 0 0 1 0 0 
0 1 1 0 0 0 0 0 0 0 1 1 1 0 1 0 1 1 0 1 0 1 0 1 1 1 1 1 1 1 0 1 
0 0 0 0 1 0 0 0 1 1 1 0 1 1 0 1 0 0 1 1 1 1 1 1 0 1 0 0 0 0 1 1 
1 1 1 0 1 1 1 1 0 0 1 0 0 0 0 0 0 1 1 1 1 1 1 0 1 0 0 0 0 1 0 0 
0 0 0 1 1 1 0 1 1 1 0 1 0 0 0 0 0 0 0 1 0 0 1 0 1 0 1 1 0 1 0 0 
0 0 1 1 0 0 1 0 0 1 0 1 0 1 1 1 1 1 1 1 1 1 1 0 1 1 0 1 1 0 1 1 
1 1 1 0 0 1 0 0 0 1 0 1 1 0 0 0 0 0 0 0 0 1 1 0 1 1 1 1 1 0 1 0 
0 1 0 1 1 0 0 1 1 0 1 0 0 1 0 0 0 1 1 1 0 1 0 0 0 0 1 1 1 1 1 1 
0 0 0 1 1 1 1 1 1 0 1 0 1 0 1 0 1 0 0 0 0 1 1 0 1 0 0 1 0 0 1 1 
0 1 1 1 0 1 1 0 1 1 0 1 1 0 0 0 0 1 0 1 1 1 0 0 0 0 0 1 0 0 1 1 
1 0 0 1 1 0 0 1 0 1 1 1 1 0 0 1 1 0 0 0 0 1 1 1 1 0 0 0 1 0 1 1 
1 1 1 1 1 0 1 0 1 1 0 0 1 1 0 1 1 0 0 1 1 0 1 1 1 0 0 1 1 0 0 0 
1 1 1 0 1 1 1 1 0 1 0 1 0 1 1 1 1 1 0 1 0 1 0 1 0 1 1 0 0 1 1 1 
1 1 0 1 0 0 0 0 0 1 0 1 1 0 1 0 1 0 1 0 1 1 1 1 1 0 0 1 1 0 0 0 
1 1 1 0 0 1 1 1 0 0 0 0 0 0 1 1 0 0 1 0 0 1 1 1 0 0 1 1 0 0 1 0 
1 1 0 0 0 0 1 1 0 1 0 0 0 0 0 0 0 1 1 0 1 1 0 1 1 1 0 0 0 0 1 0 
1 1 0 0 0 1 1 0 0 0 0 1 1 1 1 1 1 1 0 0 1 0 1 0 1 0 0 1 1 0 1 1 
0 0 1 0 1 1 1 0 1 0 1 1 0 1 1 1 0 0 1 0 0 0 1 0 1 1 1 0 1 0 0 1 
1 0 0 1 1 1 0 0 1 1 1 1 1 1 0 0 1 0 1 1 0 0 0 0 1 1 1 1 1 1 0 0 
0 0 1 0 0 0 0 1 0 1 0 1 0 0 0 1 0 1 0 0 0 1 1 1 1 0 0 1 0 0 1 1 
0 1 1 1 0 0 0 1 0 1 1 0 0 0 0 1 0 1 1 1 0 0 1 1 1 0 1 1 1 0 0 0 
1 0 0 1 0 1 1 0 1 1 0 0 1 0 0 0 1 1 0 1 0 1 1 0 0 0 1 1 0 1 0 0 
1 1 0 0 1 0 0 1 1 1 1 1 1 0 1 0 1 1 1 0 1 1 0 0 1 1 0 1 0 0 1 0 
1 0 1 1 0 1 1 0 0 1 1 0 0 0 1 0 0 0 1 1 0 0 1 0 1 0 1 0 0 1 0 1 
1 1 1 1 1 1 0 1 0 1 0 0 1 0 0 0 1 0 1 0 1 0 0 1 0 1 1 1 1 1 1 0 
0 1 0 1 1 1 0 1 1 0 0 1 0 0 1 0 1 0 1 1 1 0 0 0 0 0 1 0 0 1 1 1 
1 1 1 1 0 0 0 0 1 1 0 0 0 0 1 0 0 0 0 1 1 1 0 0 1 1 1 1 1 0 1 1 

12
1 0 0 1 1 0 1 0 1 1 0 0 
1 1 1 3 1 1 0 0 0 0 1 1 
1 1 0 0 1 0 1 1 1 1 1 0 
1 1 0 1 1 0 1 0 0 1 1 1 
1 1 0 1 1 1 1 1 0 1 0 1 
1 1 1 1 0 0 0 1 0 1 1 1 
0 0 1 1 1 0 0 1 0 0 1 1 
0 0 0 0 0 0 0 1 1 0 0 1 
1 0 1 1 0 1 0 0 0 0 0 1 
1 0 1 1 0 1 1 1 0 1 0 0 
0 1 0 1 1 1 1 0 1 1 1 0 
0 1 0 0 0 0 0 0 1 0 0 0 

7
1 1 0 1 1 1 0 
1 0 0 0 1 0 0 
0 0 0 1 0 1 1 
1 0 0 0 1 0 1 
1 0 0 0 1 1 3 
0 0 1 1 1 1 1 
0 0 1 0 1 1 1 

26
0 1 1 0 1 0 0 0 0 1 0 1 1 0 1 1 1 0 0 0 1 1 0 0 1 0 
0 0 0 0 1 1 0 1 0 0 0 0 1 0 0 1 0 1 0 0 0 0 1 0 1 1 
0 1 0 1 0 1 0 1 1 1 0 0 0 1 0 0 0 1 1 0 0 0 0 0 1 1 
1 1 0 1 1 1 0 1 0 0 0 1 1 1 1 1 0 1 1 1 1 1 0 1 0 1 
1 0 0 0 0 0 1 1 1 0 1 1 1 1 1 0 0 0 0 1 1 0 0 0 1 1 
0 0 1 1 0 1 0 0 1 1 1 0 1 1 1 0 1 0 0 0 0 0 0 1 0 0 
1 0 1 1 0 1 0 0 1 1 1 1 1 1 0 0 0 1 0 0 0 1 1 1 0 1 
1 0 1 0 0 0 0 0 0 1 1 1 0 1 0 1 1 0 1 1 1 1 0 1 0 0 
0 3 1 0 0 1 1 1 1 1 0 0 0 0 1 1 0 0 1 0 0 1 0 1 1 0 
1 1 0 1 1 1 0 0 0 0 0 0 1 0 0 0 0 0 1 0 0 0 1 0 0 1 
1 0 0 0 0 0 0 1 1 1 1 1 1 0 0 0 1 1 0 1 1 0 1 0 0 0 
0 0 1 1 1 1 0 1 1 0 1 1 1 1 1 1 0 1 0 1 0 0 1 1 1 0 
0 0 1 1 1 1 0 0 0 0 1 1 0 0 0 1 1 0 0 1 0 0 0 0 1 0 
1 0 0 0 1 0 1 0 0 0 1 0 1 0 1 1 0 0 1 1 1 1 0 1 1 1 
0 1 1 0 1 0 1 0 1 1 0 1 1 0 0 0 0 1 0 1 0 1 1 1 1 0 
0 1 0 1 1 1 0 1 0 1 0 1 1 0 0 1 1 1 1 0 1 0 1 1 1 0 
0 0 1 0 1 0 1 0 0 0 1 0 0 0 0 0 0 0 1 0 0 1 0 0 0 1 
1 1 1 0 1 0 0 1 0 0 0 1 0 0 0 1 1 0 0 1 1 0 0 0 0 0 
1 0 0 1 1 0 0 1 1 1 1 1 0 0 1 0 1 0 0 1 0 0 1 0 0 0 
1 0 0 1 1 0 1 0 1 1 1 1 1 0 1 1 1 0 0 1 1 1 0 1 0 0 
0 1 0 1 1 1 0 1 0 1 0 0 1 0 1 1 0 0 0 0 1 0 1 0 1 1 
1 0 0 0 1 1 0 1 1 0 0 1 1 0 1 1 1 0 0 0 0 0 1 1 0 1 
1 0 1 0 0 1 1 1 1 0 1 1 0 1 0 1 0 1 1 0 0 0 1 0 0 1 
1 0 0 0 1 1 0 0 1 0 0 0 1 0 1 1 1 0 1 1 0 0 1 1 1 1 
0 0 0 1 0 1 1 1 1 1 1 1 0 1 1 1 0 1 1 1 1 0 0 1 1 1 
1 1 0 1 1 0 0 1 0 1 0 1 1 0 0 1 0 0 1 1 1 1 0 0 1 1 

31
1 1 1 1 1 1 0 1 0 1 0 0 1 1 1 1 1 1 0 1 0 1 1 1 1 1 0 1 0 1 0 
1 1 0 0 1 1 1 0 0 0 1 0 0 1 1 1 1 1 1 0 1 0 1 0 0 0 0 0 0 1 1 
1 1 0 0 1 0 1 1 0 1 0 1 1 0 0 0 0 0 1 1 1 1 1 1 1 0 0 0 0 0 0 
0 0 1 1 1 0 0 1 1 0 0 1 1 1 1 1 1 0 1 0 0 0 1 1 0 1 0 1 0 0 1 
1 0 1 1 0 0 0 0 0 1 1 1 1 0 0 0 1 0 0 0 0 0 0 0 0 0 0 1 1 0 1 
1 0 0 1 0 0 1 0 0 1 0 0 1 1 1 0 0 0 0 1 0 0 1 1 0 1 0 0 0 1 1 
0 1 1 1 1 0 0 1 0 1 0 1 1 1 0 1 0 1 0 1 1 0 0 1 0 1 0 1 1 0 0 
0 1 1 0 0 1 0 1 0 1 1 1 0 0 0 1 1 1 1 1 1 1 1 0 1 0 1 0 0 0 0 
0 1 1 1 1 0 1 0 1 1 0 1 0 1 0 3 1 1 0 0 0 1 0 0 1 1 1 1 1 0 1 
0 0 1 0 0 1 1 1 1 0 1 0 0 0 1 0 0 0 0 0 1 0 1 0 1 1 1 1 0 1 1 
1 1 0 1 0 0 0 0 0 0 1 0 0 0 0 0 1 0 1 0 0 0 0 0 0 0 1 0 0 1 0 
1 0 0 1 0 1 1 1 0 0 1 0 1 1 1 0 0 0 1 0 0 0 0 1 1 1 1 0 1 1 0 
0 1 0 0 0 1 0 0 0 1 0 1 1 0 0 0 1 0 0 1 1 0 0 0 0 0 0 1 1 1 1 
0 1 0 0 0 0 0 0 0 0 0 0 1 0 1 0 1 1 1 0 0 1 1 1 0 0 0 1 0 1 1 
1 0 1 1 0 1 0 0 1 0 1 1 0 1 0 0 1 1 1 0 1 1 0 1 1 0 0 0 0 0 1 
0 1 1 0 0 1 0 0 0 0 0 0 1 0 1 1 0 0 1 0 1 0 0 1 1 0 1 1 1 1 0 
0 1 0 1 0 0 1 0 0 1 1 0 1 0 0 1 1 0 1 0 0 1 0 0 0 1 0 0 1 1 0 
1 1 0 0 1 1 1 0 0 1 0 1 1 1 0 0 0 0 1 1 0 0 1 1 0 0 0 1 1 0 1 
0 1 1 1 0 0 1 0 0 1 0 1 0 1 1 0 0 1 0 1 1 0 1 1 1 1 1 0 1 0 1 
0 1 0 1 0 0 1 0 1 0 1 0 1 1 0 1 1 0 1 1 0 1 0 1 0 0 1 0 1 1 1 
1 1 1 0 0 1 1 1 0 0 1 0 1 1 0 0 0 0 0 1 0 0 0 0 1 1 0 1 0 1 0 
0 1 0 1 0 1 1 0 1 0 1 1 0 0 1 0 0 0 1 0 0 0 1 1 0 1 1 1 1 0 1 
0 0 1 1 1 1 0 0 1 0 0 1 0 0 1 0 1 0 0 1 0 1 1 0 1 1 0 1 0 1 1 
0 0 1 0 1 1 0 0 1 1 0 0 1 0 0 1 1 0 1 1 0 0 1 1 1 1 1 1 0 1 1 
1 0 1 0 1 0 0 1 1 0 1 1 1 1 0 1 0 0 0 0 0 1 1 0 1 0 0 0 0 0 0 
1 1 1 0 0 1 1 0 0 1 0 0 0 0 0 0 1 1 1 1 0 1 1 1 1 0 1 0 0 0 1 
0 1 0 1 0 1 1 0 0 1 1 0 0 0 0 0 0 0 0 0 0 0 1 1 1 0 0 0 1 0 1 
0 0 1 0 1 1 0 1 0 1 1 0 1 0 0 0 0 1 1 0 1 1 1 1 0 1 0 1 1 1 0 
1 0 0 0 0 1 0 0 1 0 1 1 0 0 0 0 1 0 1 0 1 1 0 0 0 0 1 1 0 1 0 
0 1 1 0 1 0 1 0 0 1 1 1 1 1 1 1 1 0 0 0 0 0 1 1 0 0 1 0 1 1 1 
1 0 1 1 1 0 1 1 1 1 1 1 0 0 0 1 1 0 1 1 0 1 1 1 0 0 0 0 0 0 0 

43
1 1 0 0 1 1 0 1 1 1 1 0 0 1 1 0 1 1 1 1 0 0 1 1 0 0 0 0 1 0 0 0 1 0 0 1 1 0 0 0 1 1 1 
0 1 1 0 0 0 0 0 1 1 0 1 0 0 1 1 1 0 0 1 1 0 0 1 1 0 1 0 0 0 1 1 1 0 1 1 0 1 0 1 1 0 1 
0 0 1 1 0 0 1 1 0 1 0 0 1 0 0 0 0 0 1 1 0 0 1 1 0 1 0 1 1 0 0 1 0 1 0 1 0 1 1 0 0 0 0 
1 1 1 1 0 1 1 1 1 1 0 0 1 1 0 0 1 0 1 1 1 1 0 1 0 0 0 0 0 0 0 0 1 0 0 1 0 1 0 0 1 1 0 
1 0 0 1 0 0 0 1 1 0 1 0 1 0 1 1 1 1 1 1 0 1 1 0 0 1 1 0 0 0 1 0 1 1 0 1 0 1 0 0 0 0 1 
0 0 1 0 0 1 0 1 0 1 1 0 0 0 1 0 0 0 0 1 0 1 0 0 0 1 1 1 0 0 0 1 0 1 0 0 0 0 1 0 0 0 1 
1 0 0 1 0 0 1 1 1 0 0 0 0 0 0 0 0 1 0 1 0 0 0 0 1 1 0 0 0 1 0 1 1 1 1 0 0 1 1 1 0 1 1 
1 0 1 0 1 0 0 1 0 0 0 0 0 1 1 0 1 0 0 0 0 1 1 0 1 1 0 1 1 0 0 1 1 1 1 0 0 0 0 0 0 1 0 
1 1 0 1 1 0 0 0 0 1 0 0 1 0 1 1 0 1 1 1 1 0 1 0 1 1 0 0 1 1 0 0 1 0 0 0 1 0 1 1 1 1 1 
0 0 1 1 0 0 1 1 1 1 0 0 1 0 0 1 0 1 1 1 0 1 0 0 1 1 0 0 1 1 0 1 0 1 1 1 0 1 1 1 1 0 0 
1 1 0 1 1 1 1 1 0 0 0 1 0 1 1 1 1 1 0 1 1 0 1 1 1 1 1 0 0 1 0 0 1 0 0 0 1 1 1 0 1 0 1 
1 0 0 0 0 0 1 0 1 0 0 0 1 1 1 1 0 0 1 0 1 1 1 0 0 0 0 1 0 0 1 0 0 0 0 0 1 1 0 0 0 0 1 
1 1 1 0 1 1 0 1 0 0 1 1 0 0 1 1 0 1 0 0 0 0 0 0 0 0 1 1 1 1 1 0 1 1 1 0 1 0 0 0 1 0 1 
0 0 1 0 0 1 1 0 0 1 0 1 1 0 0 1 1 1 1 1 0 1 0 0 0 0 0 0 0 0 0 0 0 1 0 1 1 1 1 1 0 1 0 
0 0 1 0 0 0 1 1 0 1 1 0 1 1 1 0 1 0 1 1 0 1 0 1 0 0 0 0 1 1 1 1 1 0 0 0 1 1 1 0 0 0 1 
0 1 0 0 1 1 1 0 1 1 1 0 1 1 1 0 0 1 0 0 0 1 1 1 0 1 1 1 1 0 1 0 0 0 1 1 0 0 1 0 0 0 1 
1 1 0 1 0 0 0 0 0 1 0 0 0 0 1 0 0 1 1 1 0 1 0 0 0 1 0 1 1 0 0 0 1 1 1 0 1 1 0 1 0 0 1 
0 1 1 1 0 0 1 0 1 1 0 0 1 0 0 1 1 1 0 1 0 1 0 1 1 0 1 0 0 1 0 0 1 0 0 0 1 1 0 0 0 1 1 
1 0 1 0 1 0 0 1 1 1 1 0 1 1 0 0 0 0 1 0 0 0 1 0 1 1 0 0 0 1 1 0 1 0 1 0 0 1 1 1 0 1 1 
1 0 0 1 0 0 1 1 1 0 1 0 0 0 0 0 0 0 1 1 0 1 0 1 1 1 0 1 0 0 1 1 0 0 1 1 0 0 0 1 1 1 1 
1 0 0 0 0 0 0 0 0 1 1 1 1 1 1 0 1 0 0 0 1 0 1 1 1 0 0 0 0 0 1 0 0 0 1 0 1 1 0 0 1 0 0 
1 1 1 1 0 1 1 1 1 1 1 0 0 1 1 1 0 0 0 0 1 0 1 0 0 0 1 0 0 0 0 1 0 0 1 0 1 1 1 1 1 1 1 
1 1 0 1 1 1 0 1 1 1 0 0 1 0 0 0 0 0 0 0 0 0 0 0 1 1 0 1 1 1 0 0 0 0 1 0 0 1 1 1 0 1 1 
0 0 1 0 0 0 1 0 0 1 1 1 1 0 1 0 0 1 0 0 1 0 1 0 1 1 0 1 1 0 0 0 0 0 0 1 1 1 0 1 1 0 1 
0 1 0 0 0 1 1 1 1 0 1 0 1 0 0 0 0 1 1 0 1 1 1 0 0 1 0 1 1 0 1 0 0 0 1 1 0 0 0 0 0 1 1 
0 0 0 1 0 0 0 1 1 0 0 1 0 1 0 1 0 0 0 0 0 1 0 1 0 0 0 1 0 0 0 1 0 1 1 0 0 0 0 1 1 1 0 
0 1 1 0 0 0 1 0 1 0 0 0 0 1 1 1 1 1 1 0 3 0 0 0 1 0 1 0 0 0 1 1 0 1 0 1 1 0 1 1 1 1 1 
1 1 1 1 1 0 0 1 0 1 1 0 0 0 1 0 0 0 0 1 1 0 1 1 0 1 0 0 1 1 1 0 1 0 0 1 0 0 1 1 1 1 1 
0 0 1 1 0 0 1 0 1 1 0 1 0 0 1 0 0 0 1 1 1 0 1 1 0 1 0 0 0 0 0 0 1 0 0 0 0 0 0 1 1 0 1 
1 0 0 0 1 0 0 1 1 1 1 1 1 1 0 0 0 0 1 0 1 0 0 1 1 1 0 0 1 0 0 1 1 1 0 1 0 1 0 0 0 1 1 
1 1 1 1 1 0 1 1 1 0 1 1 0 0 1 1 0 0 1 0 1 1 0 1 0 1 0 1 1 0 0 0 0 1 1 0 0 0 0 0 0 0 0 
1 0 1 1 1 0 1 0 0 1 0 0 1 1 1 0 1 1 1 0 0 0 1 0 1 0 1 0 1 1 0 1 1 0 1 0 0 0 0 0 1 1 0 
1 1 0 1 0 1 1 1 0 0 1 1 0 1 1 1 0 0 1 1 1 0 0 0 0 0 0 1 0 1 1 1 0 1 0 0 0 0 1 0 0 1 0 
0 1 1 0 1 1 1 1 1 1 1 1 0 0 0 0 0 0 0 0 1 1 0 1 0 0 1 1 0 1 1 1 0 0 0 0 1 0 0 1 1 1 0 
1 1 0 1 1 0 0 0 1 1 1 1 0 0 1 1 1 1 0 0 1 1 1 1 1 0 0 1 1 0 0 0 0 0 0 0 0 0 0 0 0 1 0 
1 0 1 0 1 0 0 1 1 0 0 1 1 1 0 1 0 0 1 1 1 1 0 1 0 0 1 1 0 0 1 1 0 0 0 0 0 1 0 1 0 0 1 
1 0 0 0 0 1 1 0 1 1 0 1 1 0 0 0 0 0 1 0 1 1 1 1 1 0 0 0 1 0 1 1 1 0 0 1 0 0 1 0 1 1 0 
0 1 1 1 1 1 1 1 0 0 0 0 0 0 0 0 0 1 1 0 0 1 0 0 0 1 0 0 1 0 0 0 1 1 1 0 1 1 0 0 0 0 0 
0 1 1 1 1 0 0 1 1 1 0 0 1 1 0 1 0 1 1 0 1 1 1 1 1 0 1 1 0 0 1 1 0 0 0 1 1 1 1 1 0 0 1 
1 1 0 1 1 1 0 1 0 1 1 1 0 1 0 0 1 1 0 0 0 0 0 1 0 0 0 1 0 1 1 1 0 1 0 0 1 0 0 0 0 0 1 
0 1 0 0 0 0 1 0 0 1 1 1 1 1 1 0 0 1 1 1 0 0 0 0 0 1 1 1 1 0 1 1 0 0 0 1 0 0 0 1 0 1 0 
1 1 1 1 0 1 0 0 1 0 0 1 0 1 1 0 0 1 1 0 0 0 0 0 0 0 0 0 0 0 0 1 1 0 1 0 0 0 0 1 1 0 0 
0 1 1 1 0 1 1 1 1 1 1 1 1 0 1 1 0 0 0 1 0 1 0 1 1 1 0 1 1 1 1 0 0 1 1 1 1 1 1 0 1 1 1 

30
1 1 0 0 1 1 0 1 0 3 0 0 0 1 0 1 1 0 0 0 1 1 0 0 1 1 0 0 1 0 
1 1 0 0 1 0 1 1 1 1 1 1 0 0 1 0 0 1 0 1 1 0 1 1 1 1 0 0 0 0 
0 1 0 0 0 0 1 1 1 1 1 0 1 0 0 0 1 1 0 1 1 1 0 1 0 0 0 0 1 1 
1 0 1 0 1 1 0 1 0 1 0 0 0 0 0 0 1 1 1 1 1 1 0 0 0 1 0 0 1 1 
0 0 0 1 0 0 0 1 0 1 1 1 1 0 1 0 0 1 0 0 1 1 1 1 0 1 1 0 0 1 
0 0 0 0 1 1 1 1 0 0 0 0 1 1 1 0 0 1 1 0 0 0 1 0 1 0 1 0 0 0 
0 0 0 1 0 0 0 0 1 0 0 0 0 1 0 1 0 0 1 1 1 0 0 0 1 0 1 0 1 0 
1 1 1 1 1 0 0 0 0 0 1 0 0 1 1 0 1 0 0 1 1 0 1 0 0 0 0 0 0 0 
0 1 0 1 0 0 1 0 0 1 0 0 0 1 0 1 1 1 0 0 0 1 0 0 1 0 1 0 1 1 
1 1 1 1 1 1 0 0 0 0 0 1 0 0 1 0 0 1 0 1 1 1 0 1 0 1 0 1 0 0 
1 0 1 0 0 0 0 0 1 0 1 1 0 0 0 1 0 0 1 0 0 1 1 1 1 0 0 1 1 0 
1 1 0 0 1 1 1 0 0 0 1 0 1 1 1 0 1 1 1 1 0 0 0 1 0 1 1 1 0 1 
0 1 1 0 1 1 1 1 1 1 0 1 1 0 0 1 1 1 0 0 0 1 0 1 1 0 0 0 1 1 
0 1 1 1 0 1 1 0 1 1 1 1 1 0 1 1 1 1 0 1 0 1 0 1 1 0 0 1 1 0 
1 1 1 1 1 0 0 1 0 0 0 1 0 0 1 1 1 0 1 0 0 1 0 1 0 0 0 0 1 1 
1 1 0 0 1 1 1 0 0 1 0 0 1 0 1 1 0 0 1 0 0 0 1 1 1 0 1 1 1 0 
1 1 1 1 0 0 1 1 0 1 0 1 0 1 0 0 0 1 0 1 0 0 0 1 1 1 0 0 1 1 
0 1 1 0 0 1 1 0 0 1 0 1 0 0 0 1 1 0 1 0 1 1 0 0 1 0 1 0 1 0 
0 1 0 0 0 1 0 1 0 0 1 0 1 1 0 1 1 1 1 0 1 0 1 0 0 1 0 1 1 1 
0 0 0 0 0 1 1 1 1 0 1 0 1 0 0 0 0 0 1 1 1 0 0 1 1 0 1 1 1 0 
1 0 1 1 1 0 0 0 1 1 1 0 0 0 0 0 1 1 0 0 1 1 1 0 1 1 0 0 1 1 
1 1 0 0 1 1 0 1 1 1 1 1 0 1 0 1 1 1 0 0 1 1 0 0 0 0 1 1 0 1 
1 0 0 0 1 1 0 0 0 1 1 1 1 1 1 1 1 0 1 1 0 1 0 0 1 1 1 0 0 0 
1 0 1 0 0 1 1 0 1 1 1 0 1 0 0 0 0 0 1 1 0 0 0 0 0 1 0 1 1 1 
0 0 1 1 1 0 1 0 1 0 1 0 1 1 0 1 1 1 0 0 1 1 0 0 1 1 0 1 1 1 
0 1 0 1 0 0 0 0 1 1 0 1 0 0 1 0 1 1 1 0 0 0 0 0 0 1 0 1 1 1 
1 1 1 1 1 0 0 0 0 1 1 0 1 1 1 1 1 0 0 1 0 1 1 0 1 0 0 0 1 0 
0 1 0 1 1 1 0 1 0 1 0 0 0 1 0 0 0 0 0 0 0 1 0 0 1 0 1 0 1 0 
1 1 1 1 0 0 1 0 0 0 1 1 1 0 0 0 1 1 0 0 1 0 0 1 0 1 1 1 0 1 
1 1 1 0 0 0 0 0 1 1 1 1 0 1 1 1 1 0 1 0 1 1 1 0 1 1 0 1 1 1 

15
0 0 1 1 1 1 1 1 1 0 1 0 0 0 1 
1 0 1 1 0 0 0 1 1 0 1 1 1 1 0 
0 0 0 1 0 1 0 0 0 1 0 0 0 1 0 
1 1 1 0 1 0 0 1 0 0 0 0 0 0 0 
1 0 1 1 0 0 0 0 1 0 0 0 0 1 0 
1 1 1 1 0 1 0 1 0 0 1 0 1 1 1 
1 1 0 0 0 1 0 1 1 1 0 0 0 1 0 
0 0 0 0 0 1 0 1 1 0 1 1 0 0 1 
1 1 0 0 0 1 0 1 0 1 1 0 1 0 0 
0 0 1 1 1 1 0 0 0 0 1 0 0 0 1 
0 1 3 1 1 0 0 0 0 1 1 0 0 1 0 
0 0 0 0 0 0 0 1 1 0 0 1 0 1 1 
1 0 0 0 1 0 0 1 1 0 0 1 1 0 0 
0 0 1 0 0 1 0 0 1 0 1 0 0 1 1 
1 1 1 0 1 0 1 0 1 0 1 0 1 1 0 

8
1 1 0 0 1 1 0 0 
0 0 1 1 1 1 1 1 
1 1 0 1 1 1 0 0 
0 1 0 0 1 0 1 1 
0 0 1 1 1 1 1 0 
0 3 1 0 0 0 1 1 
0 0 0 1 0 1 0 0 
0 0 0 0 0 1 1 1 

49
0 1 1 0 0 0 1 0 0 0 1 1 0 0 1 0 1 1 0 1 1 0 1 1 0 0 1 1 0 0 1 0 0 0 0 0 0 1 1 0 0 1 0 0 1 1 0 0 1 
1 1 0 0 1 0 0 0 1 1 0 0 1 0 0 1 1 1 1 1 0 1 1 1 0 1 0 0 0 0 1 0 0 0 1 0 0 1 0 0 1 0 1 0 0 1 1 1 1 
0 1 0 0 0 1 0 1 0 1 1 1 1 0 0 1 0 0 1 1 0 1 1 1 0 1 0 1 1 0 0 0 0 1 0 0 1 1 0 0 0 0 0 0 0 0 1 0 0 
1 0 0 0 1 1 0 1 0 1 0 1 1 0 0 0 0 0 1 1 0 1 1 1 0 0 1 1 1 1 0 1 1 0 1 1 1 0 0 0 1 1 0 1 1 1 0 0 0 
1 0 0 0 1 1 1 0 1 1 0 0 1 0 1 0 0 1 0 1 1 0 0 1 0 0 1 0 1 1 1 1 0 1 0 0 1 0 0 0 1 1 0 1 1 0 1 0 0 
0 1 1 0 0 1 1 0 0 1 1 0 0 0 0 1 0 0 0 1 1 1 0 1 0 0 0 0 0 1 0 0 1 0 0 0 0 1 1 0 1 0 0 1 1 1 0 1 0 
0 1 0 0 1 0 0 1 0 1 1 1 1 0 0 0 0 1 1 1 1 1 1 0 1 1 1 0 1 1 1 0 0 0 0 0 1 1 1 0 1 0 0 1 0 0 1 1 1 
1 1 1 0 1 0 0 0 0 0 1 0 0 1 0 1 1 0 1 0 0 1 0 1 1 1 3 0 0 0 0 1 0 0 0 0 1 1 1 1 0 1 0 1 0 0 1 0 1 
1 0 0 1 1 0 1 0 1 0 0 1 0 0 0 1 1 1 0 0 0 1 1 1 1 0 1 1 0 0 1 1 0 1 1 0 1 1 1 0 0 1 0 0 0 1 0 0 1 
0 0 1 1 0 0 1 0 1 1 1 0 0 0 0 0 1 1 1 0 0 0 1 1 1 1 0 1 1 0 1 1 1 0 1 0 0 1 0 0 1 1 1 1 1 0 1 0 0 
1 1 0 0 0 0 1 1 0 1 1 0 0 0 1 0 0 0 1 1 1 0 0 1 0 0 1 1 1 1 1 0 1 0 1 0 0 1 0 1 1 1 1 0 0 0 0 0 1 
0 0 1 1 0 1 0 0 0 1 1 0 1 1 0 0 1 1 1 1 1 1 1 0 0 0 0 1 1 0 1 1 0 1 0 1 0 0 0 1 1 0 0 1 1 1 1 1 0 
1 1 0 0 1 1 1 0 0 0 1 1 1 1 1 1 1 0 0 1 0 1 1 1 1 0 0 1 0 1 1 1 0 1 0 0 1 1 0 0 0 1 1 0 1 0 1 0 0 
0 1 0 0 1 0 0 0 0 0 0 0 1 1 1 1 0 1 1 1 1 1 0 1 0 0 1 1 1 0 1 1 0 0 0 0 1 0 1 1 0 0 1 0 1 1 0 0 0 
1 0 1 0 0 1 1 1 1 1 1 0 1 1 1 1 1 0 0 0 0 1 1 0 1 1 0 1 1 0 0 0 1 0 1 1 1 0 1 0 0 0 0 0 1 1 0 0 1 
1 0 0 1 0 1 1 1 1 1 1 1 1 1 1 1 0 1 0 0 0 0 0 0 0 0 1 1 0 0 0 0 0 1 0 1 1 1 1 1 0 0 1 1 0 0 0 0 1 
0 1 0 1 0 0 0 0 0 0 1 1 1 1 0 1 1 1 0 1 1 0 0 1 1 0 0 1 1 0 0 1 1 0 0 1 1 1 0 0 1 0 0 1 0 1 1 1 1 
1 0 0 0 1 1 0 0 0 1 1 0 0 1 0 0 0 1 1 0 0 0 0 1 1 0 1 0 1 0 1 0 0 1 0 1 0 0 1 1 0 0 0 0 0 0 1 0 0 
0 0 0 1 1 0 1 0 0 0 1 0 0 1 0 1 1 0 0 0 1 0 1 0 0 0 1 1 1 1 0 1 0 0 1 1 1 1 1 1 0 0 1 1 1 1 0 1 1 
1 0 0 0 1 1 0 0 0 0 0 0 1 1 1 0 0 0 1 0 1 0 0 0 1 1 1 1 0 0 0 0 0 1 0 0 1 0 0 0 0 1 0 1 1 1 1 0 1 
1 0 0 1 0 0 1 0 1 1 1 0 1 0 0 1 1 1 1 1 0 1 0 0 0 0 0 0 1 0 0 0 1 1 1 0 1 1 0 1 1 1 0 1 0 0 0 1 1 
0 0 1 1 0 1 1 0 0 1 1 0 0 0 0 0 1 1 1 1 1 1 0 1 0 1 1 0 1 0 1 1 1 1 0 1 1 1 0 1 1 1 1 0 1 0 1 0 0 
0 0 0 0 0 1 0 1 1 0 0 1 0 1 0 1 1 0 0 0 1 1 1 1 0 1 1 1 1 0 1 0 0 0 1 1 1 0 1 0 0 1 0 1 1 1 0 1 0 
1 0 0 0 0 1 1 1 0 0 1 0 1 1 1 1 1 1 1 1 0 1 0 1 0 1 0 0 0 1 0 0 0 1 1 0 1 1 0 0 0 1 1 0 1 0 1 0 0 
0 1 1 1 1 0 0 0 1 0 0 0 1 0 1 1 1 1 0 1 1 0 0 0 1 0 1 1 0 1 0 0 0 0 0 1 0 1 1 0 1 1 0 0 1 1 1 1 1 
1 0 1 1 0 1 0 1 0 0 0 1 0 0 0 1 0 0 1 0 0 0 0 0 0 1 0 0 0 1 1 0 1 1 1 0 1 1 0 0 1 0 1 0 1 0 1 0 1 
0 1 1 1 1 0 1 1 0 1 0 0 0 1 0 1 0 0 0 1 1 1 0 1 0 1 1 0 0 0 1 0 1 0 0 1 1 0 0 0 0 0 1 0 0 0 1 1 0 
1 0 0 0 1 1 1 1 1 0 0 0 0 1 1 0 0 1 1 0 1 0 0 0 1 0 0 0 1 1 0 0 0 1 1 0 0 1 1 1 1 0 0 1 0 0 0 1 1 
1 1 0 0 1 0 0 1 0 0 1 1 1 0 1 0 1 1 0 0 1 0 1 1 1 1 1 0 1 1 1 0 1 1 0 1 0 0 0 0 1 0 1 1 0 0 1 0 1 
1 1 0 1 1 0 1 1 0 1 1 1 1 0 0 1 1 0 1 1 1 0 1 1 0 1 0 0 0 0 1 0 1 0 1 1 0 0 0 1 1 0 0 0 0 1 0 0 1 
0 1 0 1 1 0 0 0 0 0 1 0 0 1 0 1 1 0 1 0 0 1 0 0 0 1 1 1 1 0 0 1 1 0 0 1 0 1 1 1 1 0 1 0 0 0 0 1 0 
1 1 1 0 1 0 1 1 1 0 0 1 0 0 0 0 1 0 1 1 1 1 0 0 0 0 1 1 0 0 1 1 1 0 0 1 0 1 0 1 1 1 0 1 0 1 0 0 1 
1 0 1 1 0 0 1 0 1 0 0 0 1 1 0 0 0 1 1 1 0 1 1 0 1 0 0 0 0 1 0 0 0 1 1 1 0 1 1 0 1 0 0 1 0 1 1 0 0 
0 0 0 0 1 1 1 1 1 0 0 0 1 1 0 1 1 0 1 1 0 0 0 1 0 1 1 0 1 1 0 0 0 1 0 1 0 0 0 0 0 0 0 0 1 1 0 1 1 
1 1 0 1 0 1 1 0 0 1 0 1 0 1 1 1 0 1 0 1 1 0 0 1 1 1 1 0 1 1 1 0 1 0 0 0 0 0 0 0 1 0 0 0 0 0 1 0 0 
1 0 0 0 1 0 1 0 1 1 1 1 1 0 0 0 0 1 0 1 0 0 0 0 0 1 0 0 0 0 1 1 1 1 1 1 0 1 1 1 1 1 0 0 1 0 1 0 1 
0 0 0 1 0 0 0 0 1 0 1 1 0 0 0 0 1 0 1 0 0 0 0 1 0 0 0 1 0 1 0 1 1 0 0 1 1 0 0 0 1 0 0 1 1 0 0 1 1 
1 1 0 1 1 1 0 1 0 1 0 0 0 0 0 0 1 1 1 0 0 1 0 0 1 1 1 0 0 1 1 0 0 1 0 0 1 0 1 1 0 1 0 0 0 0 0 0 0 
0 1 1 0 1 0 1 0 0 0 0 1 1 1 0 1 0 1 1 1 0 1 0 0 1 1 1 1 0 1 0 0 1 0 0 1 0 0 0 0 0 1 1 0 0 0 1 0 1 
0 1 1 1 1 0 0 0 0 1 1 0 1 0 0 0 0 0 1 0 0 0 1 0 1 0 1 1 0 1 0 0 0 0 1 0 1 1 1 0 0 0 1 0 0 1 0 0 0 
1 0 1 1 0 1 0 0 0 1 1 0 1 0 1 1 0 0 0 1 1 0 0 1 0 0 1 1 1 1 0 0 0 0 1 0 1 1 0 1 1 1 0 1 0 0 0 0 0 
1 0 0 0 0 0 1 0 1 0 1 1 0 0 0 1 0 0 0 1 0 1 0 1 0 0 1 1 0 1 0 1 1 1 0 1 0 0 1 0 0 1 1 1 1 0 1 1 0 
1 0 1 0 0 0 1 0 0 1 0 1 1 1 0 1 0 1 0 1 1 1 0 1 0 1 1 1 0 1 0 0 0 1 0 1 0 0 1 1 1 1 0 1 0 0 1 0 0 
1 1 0 1 0 1 0 0 0 1 1 1 0 1 1 1 1 1 1 1 0 0 1 1 1 1 0 0 1 0 1 0 1 0 0 1 0 1 0 1 0 0 0 0 0 1 0 0 0 
1 1 1 1 1 1 0 1 0 1 0 0 0 0 0 1 1 1 1 1 0 0 0 0 0 0 0 1 1 1 1 1 0 0 0 1 0 0 0 0 0 0 0 1 0 1 1 0 0 
1 1 1 0 1 0 1 1 0 0 0 1 1 1 1 0 1 0 1 0 1 1 0 0 0 0 0 0 0 0 1 1 0 1 1 1 0 0 1 1 1 0 0 0 1 0 1 1 0 
1 1 0 1 1 0 0 1 1 0 0 0 0 1 1 1 1 0 0 0 0 1 0 1 1 0 1 0 1 0 1 1 0 1 0 1 0 1 0 1 1 0 0 0 1 1 0 0 0 
0 0 0 1 1 1 0 0 0 1 1 1 1 0 0 1 1 1 0 1 1 1 0 1 1 0 1 1 0 1 0 0 1 1 1 1 0 0 0 1 0 0 1 1 0 0 0 0 1 
0 0 1 0 1 0 1 1 1 0 1 1 0 0 0 1 0 1 0 0 1 0 0 0 1 1 0 0 0 1 0 0 0 1 1 1 1 1 1 0 1 0 1 0 1 1 0 0 0 

16
1 1 0 0 1 0 0 0 0 0 1 0 0 0 0 1 
1 1 1 1 0 0 0 0 0 0 0 0 1 1 1 1 
0 0 1 1 0 0 1 1 0 1 0 0 0 0 1 1 
0 1 0 0 1 1 0 1 0 0 1 1 0 1 0 0 
1 0 1 1 1 1 0 1 1 1 0 1 1 0 1 0 
1 0 0 0 1 0 1 1 1 0 0 1 0 1 0 1 
1 1 1 0 0 1 1 0 0 0 0 0 0 0 0 0 
1 0 0 1 0 1 1 0 1 0 0 1 0 0 1 1 
1 0 1 1 0 0 1 1 0 1 1 1 0 1 0 1 
0 0 0 0 0 1 0 1 1 1 0 0 1 0 0 1 
0 0 1 0 1 1 1 1 1 1 0 1 1 1 0 1 
0 0 1 1 0 1 0 1 0 1 1 1 0 1 1 0 
1 1 1 0 1 1 0 0 0 1 0 1 0 1 0 0 
1 1 1 0 1 1 0 0 1 1 0 0 0 1 0 1 
1 1 3 0 1 0 1 0 0 1 1 0 0 0 0 0 
0 1 0 0 1 1 1 1 1 1 1 0 0 1 0 1 

35
0 0 1 0 1 1 1 0 0 1 1 0 0 0 1 0 0 1 1 1 0 0 1 1 0 1 0 0 0 1 1 0 1 0 0 
0 0 1 1 1 0 1 1 1 0 0 1 1 0 0 0 0 1 1 1 0 1 0 0 0 1 1 0 1 0 0 0 1 0 1 
0 0 1 1 0 0 1 0 1 0 1 1 1 1 1 0 1 0 1 1 1 1 0 1 1 0 0 0 1 0 1 0 0 1 0 
0 1 1 1 0 0 0 0 0 0 1 1 0 0 1 0 1 0 1 0 0 0 1 0 0 0 1 1 0 1 1 1 1 0 0 
0 0 0 1 1 0 0 0 0 0 1 0 0 0 0 1 0 1 0 0 0 1 1 1 1 0 1 1 0 0 1 0 1 0 1 
0 0 0 0 0 1 1 1 0 0 1 0 0 0 1 0 1 0 0 0 0 0 0 0 0 1 1 1 3 1 1 0 0 1 0 
1 1 1 0 1 1 1 0 1 0 0 0 1 0 1 0 1 0 0 1 0 1 1 0 1 1 0 1 0 1 0 1 0 1 0 
0 0 0 1 0 0 1 0 1 0 1 0 0 1 1 1 1 1 0 0 0 1 0 0 1 0 1 1 1 1 0 1 1 0 0 
1 0 0 0 0 0 0 1 0 1 0 0 1 1 1 1 0 1 0 0 0 0 1 0 1 1 1 1 1 1 1 0 0 1 1 
1 0 0 1 1 0 1 0 0 1 1 1 1 0 1 1 0 0 0 0 0 0 1 1 1 0 0 0 1 0 0 1 0 0 1 
1 0 0 1 1 0 1 0 0 0 1 1 0 1 0 1 1 1 1 1 1 0 0 0 1 0 0 0 1 0 0 0 1 0 0 
1 1 1 1 0 1 1 0 1 1 0 1 1 1 0 0 0 0 0 1 1 0 1 1 0 1 0 0 0 0 0 1 0 0 0 
1 1 1 1 1 0 0 0 0 0 1 1 0 0 1 1 0 1 0 1 0 1 1 1 0 0 0 0 0 0 0 1 0 1 0 
0 1 0 0 0 0 1 1 0 0 0 1 0 0 0 1 0 1 1 1 1 1 1 1 0 1 0 1 0 1 1 1 0 1 1 
1 1 1 0 0 0 0 0 0 1 1 1 1 1 1 1 1 0 0 1 1 1 1 0 0 1 0 0 1 0 0 1 1 0 0 
1 0 1 1 0 1 1 1 1 1 1 1 0 1 1 0 1 0 1 0 1 0 1 0 1 0 1 0 0 0 0 1 0 1 1 
0 1 1 1 1 1 1 0 1 1 0 1 0 1 0 0 1 1 1 0 0 0 0 0 0 1 0 1 0 0 1 0 0 1 0 
0 0 1 1 0 0 0 1 1 1 1 1 0 1 0 0 1 0 0 1 0 0 1 0 1 1 0 0 0 0 0 1 0 0 0 
1 1 1 1 0 0 0 1 0 1 0 1 0 0 1 0 0 1 1 0 1 1 0 1 0 0 1 0 1 1 0 0 1 1 0 
1 0 1 0 0 1 1 0 1 0 1 1 1 1 1 0 0 0 0 0 0 0 0 1 1 1 0 1 1 1 1 1 1 1 1 
1 0 1 1 1 0 1 1 0 0 0 1 1 1 0 0 0 0 0 1 1 0 0 1 1 1 0 1 1 1 1 0 0 0 1 
1 0 0 1 0 1 0 1 1 1 1 1 1 1 0 0 0 1 0 0 1 0 1 1 0 1 0 1 0 1 1 0 1 1 1 
1 0 1 0 0 1 0 1 1 1 1 0 0 1 0 1 1 0 1 1 0 1 1 1 1 1 1 1 1 0 0 0 0 1 0 
1 0 1 1 0 1 0 0 1 1 1 0 0 1 0 0 0 1 1 0 1 0 0 1 0 1 1 0 0 0 1 0 0 0 1 
1 1 0 0 0 1 0 1 0 1 0 1 0 0 1 0 1 1 1 0 1 1 1 0 1 1 0 0 1 0 0 0 0 0 0 
0 1 0 0 1 0 1 0 0 0 1 0 0 1 1 1 0 0 0 0 1 1 0 0 1 1 0 0 1 1 1 0 1 0 1 
1 0 0 0 1 0 0 0 0 1 0 0 1 1 0 0 0 1 0 1 0 0 0 0 1 1 0 1 0 0 0 0 0 1 1 
1 1 0 0 0 0 1 0 0 1 0 0 0 1 1 0 0 0 1 0 1 1 0 1 0 1 1 0 0 0 1 0 1 0 1 
0 0 1 1 0 1 0 0 1 0 1 0 1 0 0 0 0 0 1 0 1 1 1 0 1 1 1 1 0 0 1 0 1 1 1 
1 0 1 0 0 0 1 0 0 1 1 1 1 1 0 0 0 0 1 0 0 0 0 1 0 0 1 1 1 0 0 0 1 1 0 
1 0 1 0 1 1 1 1 1 0 0 1 0 0 1 1 1 1 0 0 0 1 0 0 1 0 0 0 0 0 0 0 0 1 1 
1 0 1 0 0 0 1 1 0 1 1 0 1 0 1 0 1 1 0 1 0 0 0 1 0 0 0 0 1 0 0 0 1 1 1 
0 1 0 0 1 0 1 1 0 0 0 1 1 1 0 1 1 1 1 1 0 1 1 1 0 1 1 1 0 1 1 1 0 1 1 
1 0 1 1 0 0 0 0 0 0 1 0 0 0 1 0 0 1 0 1 1 0 0 0 1 1 1 0 0 0 0 0 1 1 0 
1 0 1 0 1 1 0 0 1 0 0 0 0 1 0 0 1 1 0 1 1 0 0 1 1 1 0 0 1 0 1 1 0 0 0 

5
0 1 1 0 1 
1 1 1 1 1 
1 0 1 1 0 
0 0 0 1 0 
0 0 1 3 1 

5
0 1 0 0 1 
1 1 0 1 3 
1 1 0 1 0 
1 0 0 0 1 
1 1 1 1 1 

40
0 0 0 0 0 0 0 1 1 0 0 0 0 0 1 0 0 1 1 0 0 0 1 0 0 0 0 1 1 1 0 0 1 1 0 1 1 0 1 0 
0 1 0 0 1 0 1 0 0 0 0 0 1 1 0 0 0 1 0 1 0 1 1 1 0 0 0 0 0 0 1 1 1 1 1 1 1 0 1 1 
0 1 0 0 0 0 1 0 0 0 1 1 1 1 0 1 1 0 1 0 1 1 0 0 0 0 0 1 1 0 1 0 0 1 0 1 0 0 0 1 
1 0 1 0 1 1 0 0 0 1 0 1 0 1 0 0 1 1 1 1 1 0 0 0 0 1 1 1 0 1 1 0 0 0 0 0 1 1 1 1 
1 1 0 0 0 1 0 0 0 1 0 1 1 1 1 0 1 0 0 0 0 0 0 0 1 0 0 0 1 1 1 1 1 0 0 1 1 1 1 0 
1 0 1 0 0 1 0 1 0 0 3 1 0 1 1 1 1 0 1 1 0 1 0 0 1 1 0 1 1 0 1 0 0 1 1 0 1 1 0 0 
1 1 0 1 0 0 0 0 0 1 1 0 0 1 0 1 1 0 1 1 1 0 0 0 1 0 1 0 1 1 1 1 1 0 0 0 0 1 0 0 
0 0 1 1 1 1 1 1 0 0 1 0 0 1 0 1 0 0 0 1 0 1 1 1 0 0 0 0 1 1 0 0 1 1 1 0 0 0 0 0 
1 0 1 1 1 1 0 0 0 0 1 1 0 0 1 0 0 1 0 0 1 0 0 1 0 1 0 1 0 1 1 1 0 0 1 0 1 0 1 1 
0 0 0 0 0 0 0 0 1 0 1 1 0 1 1 0 0 1 0 1 1 1 1 1 0 0 0 1 1 0 0 0 1 0 1 1 0 0 0 0 
1 1 1 1 1 0 1 0 1 0 0 0 0 0 0 1 0 0 1 0 1 1 0 0 1 1 1 1 1 0 1 0 1 0 0 1 1 0 1 0 
0 0 1 1 0 1 1 1 1 0 0 1 1 1 0 0 1 0 0 1 0 0 1 0 1 0 0 0 1 1 1 1 1 0 1 1 1 0 1 0 
0 1 1 0 1 0 0 0 0 0 0 1 0 0 1 0 0 1 0 0 0 1 0 0 1 0 1 1 1 1 1 1 0 0 0 0 0 0 0 0 
0 1 1 1 0 1 0 0 0 1 1 0 0 1 1 1 0 1 1 0 1 1 0 1 0 1 0 0 1 0 0 1 0 0 1 1 0 0 0 0 
0 1 1 1 1 1 1 0 1 1 0 0 0 0 1 1 1 0 0 0 0 1 1 1 0 0 1 1 1 0 1 0 0 1 0 1 1 1 0 0 
0 0 0 1 1 0 1 1 0 1 1 0 1 0 0 1 1 0 1 0 1 1 0 1 1 1 0 1 1 1 0 0 1 0 0 0 0 1 1 1 
1 0 1 0 1 1 0 0 0 1 0 1 1 0 0 0 0 1 1 0 0 1 1 1 1 1 1 0 1 1 0 0 1 1 0 0 0 1 1 1 
1 1 1 1 1 0 1 1 1 1 0 0 0 0 1 1 0 1 0 0 1 0 0 0 1 1 0 1 0 1 1 0 0 1 0 1 0 1 1 0 
0 1 1 1 1 1 1 0 1 1 0 1 0 0 0 1 0 0 1 0 0 0 1 1 0 0 0 1 0 0 1 0 1 0 1 1 0 1 0 1 
0 0 0 1 1 1 1 0 1 1 1 1 0 0 1 0 0 0 1 0 1 1 1 1 0 1 0 0 1 0 1 1 1 1 0 0 0 1 0 1 
0 1 1 0 0 0 0 1 0 0 1 1 0 1 1 1 1 0 1 0 0 1 0 0 1 1 1 0 0 0 0 0 1 1 0 0 0 1 0 1 
1 0 1 0 1 0 0 1 1 1 0 0 1 1 1 1 1 1 1 1 1 1 0 0 0 0 0 1 1 0 0 0 0 0 0 1 1 0 1 1 
1 1 1 0 1 0 1 1 1 0 1 1 1 1 1 0 1 1 0 1 0 1 1 1 0 1 0 1 0 1 0 1 0 0 0 1 1 0 1 0 
1 1 0 0 1 1 1 0 0 0 1 0 0 0 0 1 1 0 1 0 1 0 1 0 1 0 1 0 0 0 1 0 0 1 1 1 1 1 1 1 
1 0 1 0 1 1 1 1 0 0 1 0 0 1 0 0 1 1 1 1 1 1 1 1 0 0 1 0 0 0 0 0 0 0 1 1 1 0 0 1 
0 1 1 0 0 1 1 0 0 1 0 1 1 0 0 0 0 1 0 0 0 0 0 0 0 1 1 1 0 1 0 0 0 0 0 0 0 1 1 0 
0 0 0 1 0 0 0 1 1 1 1 1 0 1 0 1 0 1 0 0 0 1 0 0 0 1 0 1 0 0 0 0 0 0 0 0 0 1 1 1 
1 0 1 1 0 1 0 1 1 0 0 0 1 1 1 0 0 1 1 0 0 0 1 0 0 1 0 1 0 1 1 0 1 0 1 1 1 1 1 1 
1 1 1 1 1 1 0 0 0 1 1 0 0 1 1 0 0 0 0 1 1 1 0 0 1 1 1 1 0 0 1 0 1 0 0 1 1 0 1 1 
1 1 0 0 1 1 1 0 0 1 0 0 1 0 1 1 1 1 0 1 0 0 0 0 1 1 1 1 1 1 1 1 0 1 0 1 0 1 1 0 
1 1 1 0 1 0 1 1 1 1 0 0 0 1 1 1 1 1 0 0 1 0 1 0 0 1 1 0 0 0 1 0 0 1 1 1 0 1 0 0 
0 0 0 0 0 0 1 1 0 1 1 1 1 0 1 0 0 1 0 1 0 0 1 1 0 0 1 1 0 1 0 0 1 0 0 1 1 0 0 1 
0 0 0 0 1 1 1 0 1 1 0 0 0 0 0 0 1 1 1 1 1 0 0 1 1 1 1 1 0 1 0 1 0 1 1 1 0 0 1 1 
0 0 1 1 0 1 0 1 1 0 1 0 1 1 0 0 1 0 0 0 1 0 1 1 1 1 1 1 1 0 0 1 0 0 0 0 1 1 1 1 
1 0 1 0 1 1 0 0 1 1 0 0 0 1 0 1 0 0 1 0 1 1 1 0 1 0 0 1 1 0 0 0 0 0 0 1 0 1 1 0 
0 1 0 0 1 0 0 0 0 1 1 1 0 0 1 0 0 1 1 1 1 1 1 0 1 0 1 0 0 0 0 0 0 0 0 1 0 0 0 1 
1 0 1 0 1 1 1 1 1 0 0 1 0 1 0 0 0 0 1 0 1 0 1 1 0 1 0 1 0 1 0 1 0 1 0 0 0 1 1 0 
0 0 0 0 1 0 1 1 1 1 0 1 1 1 0 1 0 0 1 1 1 0 1 1 1 0 0 1 0 0 1 1 1 1 1 0 0 0 1 0 
0 1 0 1 1 1 0 1 1 0 1 0 1 0 0 1 0 0 1 0 0 0 0 1 1 0 0 1 0 0 1 1 0 0 1 1 1 0 0 1 
0 0 1 1 0 0 1 0 0 0 0 0 0 0 1 0 0 0 1 1 1 1 0 1 1 1 0 0 0 1 1 0 1 0 0 1 0 1 0 0 

11
0 1 0 0 0 0 1 0 0 0 1 
0 1 1 0 0 0 0 1 0 0 0 
0 0 0 1 1 1 1 0 1 1 1 
0 0 1 1 0 3 0 0 1 1 0 
0 0 1 1 1 1 0 1 1 0 0 
1 1 0 1 1 0 1 1 0 1 1 
1 0 1 0 1 1 1 0 1 1 1 
0 1 0 0 1 1 1 1 0 0 1 
1 0 0 1 0 1 1 1 1 0 1 
1 1 0 0 1 0 1 1 0 1 0 
1 0 0 1 1 1 1 0 0 0 0 

46
1 0 1 1 0 1 1 0 0 1 1 0 1 1 0 0 1 1 0 0 0 0 1 0 1 1 0 0 0 1 1 0 1 0 0 1 1 0 0 0 1 0 1 1 0 0 
1 1 0 1 0 1 1 1 1 0 1 0 0 0 1 0 0 0 1 1 1 1 1 0 0 0 1 0 1 1 0 1 1 1 0 1 1 1 0 1 0 0 1 1 0 1 
0 1 1 1 0 1 0 1 0 0 1 1 1 1 0 0 0 0 1 0 1 0 0 1 0 0 0 0 1 0 0 0 1 0 0 0 0 1 1 0 1 0 0 0 0 1 
0 0 0 1 1 1 1 0 0 0 1 0 1 1 1 1 1 1 0 0 1 1 1 0 0 1 0 0 0 1 1 1 1 1 0 1 1 0 0 1 0 1 0 0 0 0 
0 1 0 0 1 1 0 1 1 1 0 1 0 1 0 1 1 1 1 0 0 0 1 1 1 1 1 0 1 1 1 0 1 1 1 1 0 0 1 0 0 0 1 1 0 1 
1 0 0 1 0 0 1 1 0 0 1 0 0 1 0 0 1 0 0 0 1 1 1 0 1 0 0 1 1 0 0 0 1 0 0 1 1 1 0 0 1 1 1 0 1 1 
1 1 0 0 1 0 1 0 0 0 1 1 1 0 1 1 1 1 0 1 0 0 1 1 1 1 1 0 1 1 1 1 0 1 1 0 0 1 0 0 0 1 0 1 1 1 
1 0 1 0 0 1 1 1 1 1 0 1 1 1 0 0 1 1 1 0 1 1 1 1 1 0 0 0 0 1 0 0 1 0 1 0 0 0 0 0 1 0 0 1 0 1 
0 0 1 0 0 1 1 1 1 1 0 0 1 1 0 0 0 0 0 0 0 1 0 1 1 0 0 1 1 0 0 0 1 1 0 1 1 1 1 1 1 1 1 1 0 1 
0 0 1 1 0 1 0 0 1 0 1 0 0 1 1 0 0 1 0 1 0 1 1 1 1 1 1 1 1 0 0 1 1 1 1 1 1 0 0 1 1 1 1 1 0 1 
1 1 0 0 0 1 0 0 0 1 0 1 1 0 0 1 1 0 0 1 1 0 0 1 0 1 0 1 1 0 1 1 1 0 1 1 1 0 0 1 0 1 0 1 1 0 
1 0 1 1 0 1 0 0 0 1 1 1 1 0 1 0 0 0 1 1 0 1 1 1 0 0 1 1 1 0 0 0 1 1 0 1 0 0 0 1 0 1 1 1 1 1 
0 1 0 0 0 0 0 1 0 1 1 1 0 0 1 1 0 0 0 0 0 1 1 0 0 0 1 1 1 1 1 0 0 1 0 0 1 0 0 0 0 0 0 1 1 1 
0 1 0 0 1 1 0 0 1 1 0 1 1 0 1 1 0 1 1 1 0 0 1 0 1 1 1 1 0 1 1 1 1 1 1 1 0 0 0 1 0 0 0 1 0 0 
0 1 1 0 1 0 1 0 1 1 1 0 0 0 0 0 1 0 0 1 0 0 0 1 1 0 0 0 0 1 0 0 1 1 1 0 1 1 1 1 0 1 1 1 0 0 
0 0 0 1 1 1 0 1 0 0 0 1 1 0 0 1 0 1 0 0 1 1 1 1 1 1 1 1 1 1 0 1 0 1 0 0 0 0 1 1 1 1 1 0 0 0 
0 0 0 0 0 1 0 0 0 1 1 1 0 0 0 1 0 1 1 0 0 1 1 1 1 0 0 0 1 1 0 0 0 0 0 1 0 1 0 1 1 0 1 0 0 0 
0 1 1 0 0 1 1 0 1 1 1 1 1 1 0 1 1 0 1 0 0 0 0 1 0 1 1 0 1 0 0 0 1 1 1 1 1 0 0 0 1 0 1 0 0 0 
1 1 0 1 0 0 1 1 0 0 1 0 1 1 1 0 0 0 1 1 0 0 0 0 1 0 1 1 0 0 1 0 1 1 0 0 1 1 0 1 0 1 0 0 0 1 
1 1 1 1 0 1 0 1 0 0 1 0 0 1 1 0 1 1 1 1 1 1 0 0 0 1 0 1 0 1 1 1 1 0 1 0 0 0 1 1 1 0 1 0 1 1 
0 0 0 0 1 1 1 0 1 1 1 0 0 1 1 0 0 1 1 0 0 1 0 1 1 1 1 0 0 0 0 0 1 0 0 0 1 1 1 1 1 1 0 1 0 0 
0 0 1 1 0 1 1 1 0 1 0 1 1 1 1 0 1 0 0 0 0 0 0 0 1 0 0 1 0 1 0 1 0 0 1 0 1 0 0 1 0 1 1 1 1 0 
0 0 0 0 1 0 1 0 0 1 1 0 1 1 0 0 0 1 0 0 1 0 0 0 0 1 1 0 1 1 1 1 3 0 0 1 0 0 0 1 0 1 0 1 0 0 
0 1 0 0 0 0 0 1 0 0 1 1 1 0 1 1 1 0 0 0 1 1 0 1 1 1 1 1 1 1 0 0 0 1 1 0 1 0 0 0 0 1 0 1 0 0 
0 0 1 0 0 0 1 0 1 1 1 1 0 1 0 1 0 0 0 1 0 1 0 1 0 0 0 1 1 1 1 1 0 1 1 0 1 1 0 0 1 1 1 0 0 1 
0 0 1 0 0 0 0 1 0 0 1 0 1 0 0 0 1 1 1 0 0 1 0 1 1 1 1 0 0 1 0 0 1 0 1 1 1 1 0 1 0 1 1 1 0 1 
0 1 1 0 1 0 1 1 1 1 0 1 0 0 0 1 1 1 1 1 0 1 0 1 0 0 1 0 1 1 1 0 0 0 0 0 0 0 0 1 1 0 0 0 0 0 
1 0 0 0 1 1 0 1 0 0 1 1 0 1 0 1 1 1 0 1 0 1 1 0 0 0 0 0 1 1 1 0 1 0 0 0 1 1 0 1 0 0 1 0 0 1 
0 1 1 1 1 1 1 0 0 0 0 1 0 1 0 0 0 0 1 0 1 1 1 0 1 0 1 0 1 0 0 1 0 1 1 1 0 0 0 1 0 0 1 0 0 1 
1 1 1 0 1 1 0 0 1 1 0 1 1 1 0 0 0 1 1 1 0 0 1 0 1 0 1 1 1 1 1 1 0 1 1 0 0 0 0 0 1 1 0 1 1 1 
0 0 1 1 0 1 0 0 0 1 1 1 1 0 1 0 1 0 0 1 0 1 1 0 0 0 1 1 0 0 0 1 1 0 0 1 1 0 1 0 1 1 1 0 0 1 
1 0 0 0 1 0 0 1 0 0 1 0 1 1 1 1 0 0 1 1 1 1 0 0 0 0 0 1 0 0 1 1 0 1 1 0 0 1 1 0 1 0 0 0 0 1 
1 0 1 1 0 1 0 1 0 1 1 1 1 1 1 0 1 1 1 1 0 1 0 1 0 1 1 1 1 1 0 1 0 0 0 0 0 0 1 0 0 1 1 1 0 0 
1 0 1 0 0 1 0 0 1 0 0 1 0 1 1 0 0 1 1 1 0 0 0 0 1 1 1 0 1 1 0 0 0 1 0 1 1 0 0 0 0 0 0 1 1 0 
1 1 0 0 0 1 0 0 0 0 0 0 0 1 1 0 0 1 1 1 1 0 0 1 0 1 0 1 0 0 0 0 1 1 1 0 1 0 1 0 0 0 1 0 1 1 
0 1 1 1 1 1 1 1 1 0 1 1 1 1 1 1 0 1 0 1 0 1 0 0 0 1 0 0 1 1 0 1 1 0 1 1 0 0 1 1 0 1 1 1 0 0 
0 0 1 1 1 0 0 1 0 0 0 1 0 1 1 1 0 1 1 0 0 0 0 1 1 0 0 0 0 0 1 0 1 1 1 1 1 0 1 1 1 0 1 1 1 1 
1 0 1 1 1 1 0 0 1 1 0 0 1 1 1 0 1 0 0 0 1 1 1 0 0 0 1 0 0 0 1 0 1 0 1 1 0 1 0 1 0 0 1 1 1 1 
1 0 0 1 0 0 0 0 0 0 0 1 1 0 0 1 1 1 1 1 1 1 1 0 0 0 0 1 1 0 0 0 0 1 1 0 1 0 0 0 1 0 0 1 1 0 
1 1 1 0 1 1 0 1 1 1 0 1 1 0 0 0 1 0 1 0 0 0 0 0 1 1 1 1 0 0 1 0 0 1 0 0 0 0 1 1 1 0 1 1 1 1 
1 1 1 1 1 1 1 1 1 0 1 0 0 1 1 0 0 0 1 1 0 0 1 1 1 1 1 1 1 1 1 1 0 0 1 0 0 1 0 0 1 1 1 0 0 0 
0 1 0 1 1 0 0 0 0 1 0 1 1 1 1 0 1 1 1 1 0 0 0 1 0 1 1 1 1 0 1 1 0 1 0 1 0 0 0 1 0 0 0 0 0 0 
1 1 0 1 1 0 1 0 1 0 0 1 0 1 1 1 1 0 0 0 0 1 0 0 1 1 1 1 1 0 0 1 1 0 0 1 1 1 1 1 0 0 0 0 0 1 
1 0 0 0 1 1 1 1 0 0 1 0 1 1 0 1 0 0 0 1 0 1 1 0 0 0 0 0 0 1 0 0 1 0 0 0 1 0 1 1 0 0 1 1 1 1 
0 1 0 1 0 1 0 1 1 0 0 1 0 0 1 1 1 1 0 0 0 1 0 1 1 1 0 1 1 0 0 0 1 0 1 0 0 0 1 1 1 1 1 1 0 0 
1 0 0 1 0 1 0 1 0 0 1 0 0 1 1 0 1 1 1 1 1 0 1 0 0 0 0 1 1 0 0 1 0 0 1 1 0 0 1 0 1 0 1 0 0 0 

16
0 1 0 0 1 0 0 1 1 1 0 0 0 0 1 0 
0 0 0 0 0 1 0 1 0 0 0 1 1 1 1 1 
0 1 1 1 0 1 1 1 1 0 0 0 0 1 0 0 
0 1 1 1 1 1 1 1 1 0 1 1 0 1 1 0 
0 1 0 1 1 1 0 1 1 1 0 1 0 1 1 1 
0 0 1 0 1 1 1 0 1 1 1 0 1 0 1 0 
1 0 1 1 1 1 1 0 0 0 0 0 0 0 1 1 
0 1 0 0 1 1 0 1 0 0 0 0 0 1 1 0 
1 1 1 1 1 1 0 1 1 0 0 0 0 0 1 0 
1 1 0 1 1 0 1 0 0 1 1 1 1 0 0 0 
0 0 1 0 0 0 1 0 1 1 1 1 0 0 1 1 
0 0 0 1 0 0 1 1 1 0 1 1 1 1 1 1 
0 0 0 1 0 0 1 1 0 1 0 1 1 0 1 1 
1 0 0 0 1 1 0 1 1 0 0 0 0 1 1 0 
1 1 1 1 1 3 0 0 1 0 1 1 0 1 1 1 
0 0 1 1 1 1 0 0 0 0 0 0 1 1 0 0 

23
1 1 0 1 1 1 0 1 1 0 0 1 0 0 1 1 1 0 0 1 1 0 3 
1 0 1 0 1 0 1 1 0 1 1 1 0 0 1 0 0 1 0 1 0 0 0 
1 1 1 0 0 1 1 0 1 1 1 1 1 1 0 1 1 0 0 1 1 1 0 
1 1 1 0 1 0 0 0 0 0 0 1 1 0 1 1 0 1 0 0 0 0 1 
0 0 0 1 0 0 1 0 0 0 0 1 0 0 0 0 1 1 0 1 0 0 1 
0 1 1 1 1 0 0 0 0 1 1 1 1 1 1 0 0 0 0 0 1 0 0 
0 0 0 0 1 1 1 1 1 1 0 0 0 1 0 1 0 1 1 0 1 1 1 
0 0 0 1 0 0 0 1 0 1 0 1 0 0 1 0 1 0 0 0 1 1 1 
1 1 0 0 1 0 1 0 1 0 0 1 0 1 1 0 1 0 1 1 0 1 1 
0 1 0 1 0 0 1 1 0 0 1 1 0 0 1 1 0 0 0 1 1 0 0 
1 0 0 0 1 1 0 1 1 0 1 1 1 1 0 0 0 0 0 1 1 1 0 
0 1 1 0 0 0 1 0 0 0 1 1 0 0 1 0 1 0 0 0 0 0 1 
0 1 1 0 0 1 1 1 1 1 1 1 0 1 0 0 1 0 1 1 1 1 0 
1 0 1 1 0 0 0 1 0 1 0 1 1 0 0 0 1 1 1 1 1 0 0 
1 1 1 1 1 0 1 0 0 0 1 1 1 1 1 1 0 1 1 1 1 0 1 
0 0 1 1 0 1 0 1 1 0 0 1 1 1 1 0 0 1 1 0 1 1 0 
0 0 0 0 0 1 0 1 1 1 0 1 0 0 0 0 0 0 0 0 1 0 0 
1 0 1 0 1 1 1 1 1 1 1 0 1 0 1 1 1 1 1 0 1 0 0 
1 1 1 0 0 0 1 1 0 1 1 0 1 1 1 0 1 1 1 0 0 0 0 
1 1 1 1 0 0 1 1 0 1 0 0 0 0 1 1 0 0 1 0 0 1 0 
0 0 1 1 1 0 1 0 1 0 0 1 1 1 0 1 1 0 0 1 0 0 1 
1 0 0 1 1 1 1 1 0 0 0 1 1 1 1 0 1 1 1 1 0 1 1 
1 1 1 0 0 1 1 1 1 0 0 0 0 1 1 0 1 1 1 0 0 1 0 
