50

2 1
7 2
16 6

6 10
8 8
16 1

5 8
10 4
12 1

3 3
11 5
16 7

5 9
12 4
18 4

5 4
15 6
20 4

4 9
8 7
15 2

7 6
8 1
14 9

4 5
9 10
12 1

9 5
14 2
17 6

9 4
14 1
24 8

3 3
11 4
18 5

10 3
12 4
20 10

9 10
13 10
18 7

5 1
15 9
24 4

3 7
10 9
12 8

2 1
3 10
4 7

10 1
12 9
15 6

10 2
13 9
19 10

3 6
6 9
12 1

9 4
11 2
17 7

7 5
8 7
15 2

10 4
11 8
18 8

4 4
8 3
13 9

5 8
14 2
22 9

7 10
15 10
23 5

2 6
12 4
20 4

6 8
7 9
8 7

10 5
17 7
27 5

8 1
11 3
15 6

7 6
12 3
18 7

1 5
7 6
17 2

8 9
16 6
22 3

7 1
11 1
12 3

7 3
11 5
17 8

7 5
14 5
22 3

3 4
6 4
7 5

8 7
10 7
20 8

5 7
13 6
15 3

7 2
10 1
20 1

4 8
5 1
8 1

1 7
7 2
16 2

10 3
19 6
25 1

7 9
11 5
17 3

1 3
5 4
6 9

7 2
16 6
23 3

7 4
13 1
21 2

8 5
9 1
11 3

8 7
11 9
12 9

8 1
10 9
11 10
