50

5 3 3
1 1 1 
0 0 0 
0 0 0 
1 1 1 
0 0 0 

5 4 4
1 0 0 0 
1 1 1 0 
1 1 1 0 
1 0 0 0 
1 0 0 0 

5 5 3
1 1 1 0 0 
1 0 1 1 1 
1 1 1 0 0 
1 0 1 1 1 
1 1 1 0 0 

5 2 1
0 1 
0 1 
0 1 
0 1 
0 1 

5 7 2
0 0 0 1 1 0 1 
1 1 1 0 1 1 1 
0 0 0 1 1 0 1 
1 1 1 0 1 1 1 
0 0 0 1 1 0 1 

10 8 3
0 1 0 1 1 1 1 1 
1 0 1 1 0 1 0 0 
0 1 0 1 0 1 0 0 
1 1 0 1 1 0 1 1 
1 0 0 1 0 0 0 0 
1 1 0 1 1 0 1 1 
0 1 0 1 0 1 0 0 
1 0 0 1 0 0 0 0 
1 1 0 1 1 0 1 1 
1 1 0 1 1 0 1 1 

10 2 1
1 0 
1 1 
0 0 
1 1 
0 0 
1 1 
1 0 
1 1 
1 1 
0 0 

10 5 3
0 1 1 0 1 
0 1 1 0 0 
1 1 1 0 0 
1 0 1 0 1 
1 1 1 1 0 
0 1 1 0 0 
1 0 1 0 1 
0 1 1 0 0 
0 1 1 0 0 
1 1 1 1 0 

10 10 10
0 1 1 0 1 1 0 1 0 0 
1 0 0 1 1 0 0 1 0 0 
0 0 0 0 0 0 1 0 1 0 
1 0 0 0 0 0 0 1 0 0 
0 1 1 0 1 0 1 1 1 1 
1 0 0 0 0 0 0 1 0 0 
0 1 1 0 1 0 1 1 1 1 
1 0 0 1 1 0 0 1 0 0 
0 1 1 0 1 0 1 1 1 1 
1 0 0 1 1 0 0 1 0 0 

10 2 2
0 1 
0 1 
0 0 
1 0 
1 1 
0 1 
0 0 
0 1 
0 0 
0 1 

9 13 9
0 0 1 1 1 1 1 0 1 1 1 1 1 
0 1 0 0 0 0 0 0 0 1 1 0 1 
0 1 1 0 0 0 0 0 0 0 0 0 0 
0 1 0 0 0 1 1 1 0 0 1 1 0 
0 1 0 0 0 1 1 1 0 0 1 1 0 
0 1 0 0 0 1 1 1 0 0 1 1 0 
0 0 1 1 1 1 1 0 1 1 1 1 1 
0 1 0 0 0 1 1 1 0 0 1 1 0 
0 1 1 0 0 0 0 0 0 0 0 0 0 

21 10 1
1 1 1 1 1 1 1 1 1 0 
0 0 1 1 0 1 1 1 1 1 
1 0 1 0 0 0 0 1 1 1 
1 0 1 0 0 1 0 1 1 1 
0 1 1 0 0 0 0 0 1 1 
0 1 1 1 1 1 1 0 1 0 
1 0 1 0 0 1 1 1 1 0 
0 1 1 1 1 1 0 0 0 0 
1 1 0 0 0 0 1 1 0 0 
0 1 0 0 0 1 0 1 0 0 
1 0 1 0 0 1 1 1 1 0 
0 1 1 1 1 1 0 0 0 0 
0 1 0 0 0 1 0 1 0 0 
0 1 0 0 0 1 0 1 0 0 
1 0 1 0 0 0 0 1 1 1 
0 1 0 0 0 1 0 1 0 0 
0 1 0 0 0 1 0 1 0 0 
1 0 1 0 0 1 0 1 1 1 
0 1 0 0 0 1 0 1 0 0 
0 1 1 1 1 1 0 0 0 0 
1 0 1 0 0 1 0 1 1 1 

50 13 3
0 1 1 1 1 0 1 1 0 1 0 1 0 
1 1 0 0 0 0 1 0 1 0 1 1 1 
0 1 0 0 0 0 0 0 0 0 0 1 0 
1 0 1 1 0 0 1 1 0 0 1 0 1 
0 1 0 0 0 1 0 1 1 1 1 1 1 
0 1 1 1 0 0 0 0 0 1 1 0 0 
1 0 1 0 0 0 0 1 1 0 1 0 0 
1 0 0 0 0 1 1 0 1 0 1 0 1 
1 1 1 0 1 0 0 0 0 1 0 0 1 
0 0 1 0 1 0 0 0 1 1 0 0 1 
1 1 1 1 1 0 0 1 1 1 0 0 1 
0 0 0 0 1 1 0 0 1 1 1 1 0 
1 1 1 1 0 1 0 0 1 1 1 0 1 
0 1 0 1 1 0 1 0 0 1 1 1 1 
0 1 0 0 1 0 0 0 0 0 0 1 1 
1 1 0 1 1 0 0 1 1 1 0 0 1 
1 1 0 0 1 1 1 1 1 1 1 0 1 
0 0 1 1 0 0 0 0 1 0 0 1 1 
1 0 0 0 0 0 0 1 0 1 0 1 1 
0 0 1 1 1 1 1 0 1 0 1 0 1 
1 1 1 0 1 1 0 1 1 0 1 1 0 
1 0 1 0 0 1 1 0 1 1 1 0 0 
1 1 1 0 1 0 1 1 0 0 0 0 0 
1 0 1 1 1 0 1 1 0 1 1 0 0 
1 0 0 0 1 1 1 0 1 1 1 0 1 
0 1 0 0 1 0 0 0 0 0 0 1 1 
1 1 1 0 1 1 0 1 1 0 1 1 0 
1 1 1 0 1 1 0 1 1 0 1 1 0 
1 0 0 0 0 1 1 0 1 0 1 0 1 
0 1 0 1 1 0 1 0 0 1 1 1 1 
0 0 1 1 0 0 0 0 1 0 0 1 1 
1 1 1 1 0 1 0 0 1 1 1 0 1 
1 0 0 0 1 1 1 0 1 1 1 0 1 
0 0 1 1 0 0 0 0 1 0 0 1 1 
1 0 1 1 1 0 1 1 0 1 1 0 0 
1 1 1 1 1 0 0 1 1 1 0 0 1 
1 1 1 0 1 1 0 1 1 0 1 1 0 
0 1 0 1 1 0 1 0 0 1 1 1 1 
1 1 1 0 1 0 1 1 0 0 0 0 0 
1 0 1 0 0 0 0 1 1 0 1 0 0 
0 1 0 0 1 0 0 0 0 0 0 1 1 
0 1 0 0 1 0 0 0 0 0 0 1 1 
1 0 1 1 1 0 1 1 0 1 1 0 0 
0 1 0 0 1 0 0 0 0 0 0 1 1 
0 0 1 1 0 0 0 0 1 0 0 1 1 
1 1 1 0 1 1 0 1 1 0 1 1 0 
0 0 1 1 0 0 0 0 1 0 0 1 1 
0 1 0 0 1 0 0 0 0 0 0 1 1 
0 1 0 0 1 0 0 0 0 0 0 1 1 
0 1 0 1 1 0 1 0 0 1 1 1 1 

59 12 6
1 1 1 0 0 0 1 0 1 0 0 0 
0 1 0 1 0 1 1 0 0 1 1 0 
1 1 0 1 0 0 1 1 0 0 0 0 
0 1 0 0 0 1 1 1 1 0 0 1 
0 1 0 0 1 1 1 0 1 1 1 0 
0 0 0 0 0 1 0 0 0 0 0 0 
0 0 0 1 0 1 1 0 0 0 0 0 
0 1 0 0 1 1 1 0 0 1 1 0 
1 1 0 0 0 1 0 0 0 1 1 0 
0 1 0 1 0 0 1 0 1 1 1 1 
0 1 1 0 0 1 0 0 1 0 0 0 
1 1 1 1 0 0 1 1 0 0 1 1 
1 0 1 1 0 0 1 1 0 0 1 1 
1 0 1 0 1 1 0 0 1 0 1 0 
1 0 0 1 1 1 1 0 1 0 0 0 
1 1 0 0 0 0 1 0 0 1 0 0 
0 0 0 0 1 1 0 0 1 1 1 0 
1 0 1 1 1 1 1 0 0 0 1 1 
0 1 0 1 1 0 0 1 1 1 1 0 
0 1 1 1 1 0 1 0 0 0 0 0 
0 0 1 1 0 1 0 0 0 0 0 1 
1 0 0 1 1 1 1 0 0 0 1 0 
1 0 1 0 0 1 1 0 0 0 0 1 
0 0 0 0 1 0 0 0 1 0 1 0 
0 0 0 0 1 0 1 0 1 0 1 0 
0 1 0 1 0 0 0 0 1 1 1 1 
0 0 1 0 1 1 0 0 1 1 0 0 
0 0 0 0 1 1 1 0 0 0 1 1 
0 0 0 0 0 1 1 0 0 0 0 0 
0 0 0 0 1 0 0 0 1 0 1 0 
1 0 1 1 1 1 1 0 0 0 1 1 
0 1 0 1 1 0 0 1 1 1 1 0 
0 0 0 0 1 1 0 0 1 1 1 0 
1 0 0 1 1 1 1 0 1 0 0 0 
0 0 0 0 1 1 1 0 0 0 1 1 
0 0 0 1 0 1 1 0 0 0 0 0 
0 0 0 0 1 0 1 0 1 0 1 0 
0 1 1 1 1 0 1 0 0 0 0 0 
0 0 0 0 1 0 0 0 1 0 1 0 
0 1 1 1 1 0 1 0 0 0 0 0 
1 0 1 1 1 1 1 0 0 0 1 1 
1 1 0 0 0 0 1 0 0 1 0 0 
0 0 1 1 0 1 0 0 0 0 0 1 
1 1 1 0 0 0 1 0 1 0 0 0 
1 0 0 1 1 1 1 0 1 0 0 0 
0 0 0 1 0 1 1 0 0 0 0 0 
0 0 0 0 1 0 1 0 1 0 1 0 
0 0 0 0 1 0 0 0 1 0 1 0 
1 0 1 1 0 0 1 1 0 0 1 1 
0 1 1 0 0 1 0 0 1 0 0 0 
0 0 1 0 1 1 0 0 1 1 0 0 
1 1 1 1 0 0 1 1 0 0 1 1 
0 1 1 1 1 0 1 0 0 0 0 0 
1 0 1 0 0 1 1 0 0 0 0 1 
0 1 0 1 0 1 1 0 0 1 1 0 
0 0 0 0 1 0 1 0 1 0 1 0 
1 0 1 1 0 0 1 1 0 0 1 1 
0 1 0 1 0 0 1 0 1 1 1 1 
1 1 1 1 0 0 1 1 0 0 1 1 

9 3 3
0 0 0 
1 1 1 
0 1 0 
1 1 1 
0 1 0 
0 0 0 
0 1 0 
1 1 1 
0 0 0 

96 3 1
0 0 1 
1 1 0 
1 0 1 
1 1 0 
1 0 0 
0 0 0 
0 1 1 
1 1 1 
1 0 0 
1 0 1 
1 1 1 
1 1 1 
1 0 0 
0 1 0 
0 0 0 
1 1 1 
0 1 0 
0 0 1 
1 1 0 
1 1 0 
0 0 0 
1 0 0 
0 1 0 
1 1 1 
0 0 0 
1 0 1 
1 0 0 
1 1 0 
1 1 1 
0 1 0 
0 0 0 
1 0 0 
0 1 0 
1 0 1 
0 1 0 
0 1 1 
1 1 1 
1 0 0 
1 1 0 
0 0 1 
1 1 0 
0 1 0 
1 0 1 
1 0 1 
0 1 0 
1 1 0 
1 0 1 
0 0 0 
1 0 1 
1 1 0 
0 1 0 
1 1 0 
1 0 0 
0 0 1 
0 1 0 
0 1 0 
1 1 1 
0 0 1 
1 0 1 
0 1 1 
0 0 0 
0 1 0 
0 1 0 
0 0 0 
0 0 0 
1 1 0 
0 1 0 
1 0 1 
1 0 0 
1 0 1 
0 1 0 
1 0 1 
0 0 0 
0 1 0 
1 0 0 
0 1 0 
1 0 1 
0 1 1 
1 1 0 
1 0 0 
1 0 0 
1 0 1 
0 1 0 
0 1 0 
1 1 0 
1 0 1 
1 0 0 
1 1 0 
1 0 1 
1 0 1 
0 1 0 
1 0 1 
0 1 0 
0 1 1 
1 1 0 
1 0 1 

59 5 1
0 1 0 1 0 
0 0 0 1 1 
0 0 0 0 1 
0 1 0 1 1 
0 1 0 0 0 
1 1 0 1 0 
0 1 0 1 0 
1 0 1 0 1 
0 0 1 1 1 
1 0 0 0 1 
0 0 1 0 1 
0 1 1 1 0 
0 0 0 1 0 
1 0 0 0 1 
1 1 1 1 1 
1 1 1 1 0 
1 1 1 1 0 
0 0 1 1 0 
0 1 1 1 0 
0 0 1 0 0 
1 0 1 0 0 
1 1 1 0 1 
0 0 0 1 1 
0 1 1 0 0 
1 1 0 1 1 
0 0 0 0 1 
0 0 0 0 0 
1 1 1 1 0 
1 1 1 1 1 
1 1 0 1 0 
1 0 0 0 1 
0 1 1 1 0 
0 1 0 1 0 
0 0 0 0 1 
0 1 1 0 0 
1 1 1 1 0 
1 1 1 1 1 
1 1 1 1 0 
1 1 0 1 0 
1 0 1 0 0 
0 0 0 0 1 
0 1 0 1 0 
0 1 0 0 0 
0 0 0 1 1 
1 1 0 1 1 
1 0 0 0 1 
0 1 0 0 0 
0 0 0 0 1 
0 1 1 1 0 
0 1 0 1 1 
0 1 1 1 0 
0 1 1 0 0 
1 1 1 1 1 
0 0 1 0 0 
1 1 1 1 0 
1 1 1 1 0 
0 1 1 1 0 
0 1 1 1 0 
1 1 0 1 0 

33 20 15
0 0 1 1 0 1 1 0 1 1 1 1 1 1 1 0 1 1 0 1 
0 0 0 1 1 1 0 0 1 1 1 1 0 1 0 1 1 0 0 1 
0 0 0 1 0 0 0 0 1 0 0 0 1 1 1 0 1 1 0 1 
1 0 0 1 0 0 0 1 1 0 0 1 0 1 1 1 1 1 1 0 
1 0 1 1 1 0 0 0 1 0 1 0 1 0 1 0 0 1 0 0 
1 0 0 0 0 1 0 1 0 1 1 0 0 1 0 1 0 0 0 0 
1 0 1 0 1 0 1 0 1 1 0 0 1 1 1 1 1 1 1 0 
1 0 0 0 0 1 0 0 0 0 1 0 0 1 1 0 1 0 1 0 
1 1 1 1 1 1 1 1 1 1 0 0 0 0 0 1 1 0 0 1 
0 1 1 1 0 0 1 1 1 0 0 1 0 1 1 0 0 1 0 1 
0 1 0 1 1 1 0 0 0 0 1 0 1 0 1 0 1 1 1 1 
1 0 0 1 1 1 0 1 1 1 0 0 1 1 1 0 1 0 1 0 
1 0 0 0 0 1 0 0 1 1 0 0 1 1 1 1 0 1 1 1 
0 1 0 1 0 1 1 1 0 1 1 0 1 1 1 0 0 0 0 0 
0 0 1 1 0 0 1 0 0 1 1 0 1 0 0 0 1 1 0 0 
0 1 0 0 0 1 1 0 1 1 1 1 0 0 0 1 0 1 1 0 
1 0 1 1 1 0 0 0 1 0 1 0 1 0 1 0 0 1 0 0 
0 1 0 1 1 1 0 0 0 0 1 0 1 0 1 0 1 1 1 1 
0 0 1 1 0 1 1 0 1 1 1 1 1 1 1 0 1 1 0 1 
0 1 0 1 1 1 0 0 0 0 1 0 1 0 1 0 1 1 1 1 
1 0 0 0 0 1 0 1 0 1 1 0 0 1 0 1 0 0 0 0 
1 0 1 1 1 0 0 0 1 0 1 0 1 0 1 0 0 1 0 0 
0 0 1 1 0 1 1 0 1 1 1 1 1 1 1 0 1 1 0 1 
1 0 1 1 1 0 0 0 1 0 1 0 1 0 1 0 0 1 0 0 
0 1 0 1 0 1 1 1 0 1 1 0 1 1 1 0 0 0 0 0 
1 1 1 1 1 1 1 1 1 1 0 0 0 0 0 1 1 0 0 1 
1 1 1 1 1 1 1 1 1 1 0 0 0 0 0 1 1 0 0 1 
0 0 0 1 1 1 0 0 1 1 1 1 0 1 0 1 1 0 0 1 
1 0 0 0 0 1 0 0 1 1 0 0 1 1 1 1 0 1 1 1 
0 1 0 0 0 1 1 0 1 1 1 1 0 0 0 1 0 1 1 0 
1 1 1 1 1 1 1 1 1 1 0 0 0 0 0 1 1 0 0 1 
1 0 0 1 0 0 0 1 1 0 0 1 0 1 1 1 1 1 1 0 
1 0 0 1 0 0 0 1 1 0 0 1 0 1 1 1 1 1 1 0 

91 19 9
1 1 0 1 0 0 0 1 1 0 0 0 1 0 0 0 0 0 0 
0 1 0 0 1 0 0 1 0 0 1 1 0 0 0 1 1 0 1 
0 1 1 1 0 1 1 1 1 1 0 0 1 1 1 1 1 0 0 
0 1 0 0 0 1 1 1 0 1 0 0 0 0 1 1 0 1 0 
1 0 1 0 0 1 0 0 1 0 0 1 0 1 0 1 0 0 0 
0 0 0 0 0 1 1 0 1 0 0 0 1 1 0 0 1 1 0 
0 0 0 0 1 0 1 1 0 0 1 0 0 0 0 0 0 1 0 
1 1 1 1 0 1 0 1 0 0 1 0 0 0 0 1 0 0 1 
1 0 1 1 0 1 0 0 0 0 1 0 0 1 0 1 1 0 0 
0 1 1 0 1 1 1 0 1 0 0 0 0 1 1 0 0 1 0 
1 1 0 1 0 0 0 0 1 0 0 0 1 0 1 0 1 0 1 
0 1 0 0 0 0 1 0 0 1 0 1 1 0 0 1 1 0 1 
0 0 1 1 0 1 1 1 0 1 1 0 1 0 1 1 0 0 0 
0 0 0 0 1 1 0 0 1 0 1 1 1 0 1 0 1 0 1 
1 1 1 0 0 1 0 0 1 1 0 1 0 1 0 0 0 1 1 
1 1 1 0 1 1 0 0 1 0 1 1 1 1 0 0 1 1 0 
1 0 0 0 1 0 0 1 0 1 1 1 1 0 0 1 0 1 0 
0 1 0 1 1 1 0 1 0 1 0 0 1 0 0 1 1 0 1 
0 0 0 0 1 0 0 1 1 0 0 1 0 0 0 0 0 1 1 
1 1 1 1 1 1 1 1 1 0 1 0 0 0 0 1 0 0 0 
1 0 1 0 0 1 0 1 1 0 0 1 0 1 1 1 0 0 1 
0 0 1 0 0 0 0 1 1 1 0 1 0 1 0 1 1 0 1 
0 0 0 1 1 1 1 1 1 1 1 0 1 0 0 1 0 0 0 
0 1 0 1 0 0 0 0 1 0 1 0 1 1 1 1 1 0 0 
1 1 1 0 1 0 0 0 1 0 1 0 1 1 0 1 0 0 1 
0 0 0 0 0 1 0 0 0 0 1 0 0 0 0 1 1 1 0 
0 0 1 1 1 1 1 1 1 1 1 0 0 1 0 0 0 1 0 
0 1 0 0 0 1 0 1 0 0 0 1 0 0 0 0 0 0 1 
0 0 1 0 1 1 1 0 0 1 0 1 1 0 0 0 0 0 1 
1 0 1 1 0 1 0 1 1 0 0 0 0 1 0 1 0 1 1 
0 0 0 1 1 0 1 1 1 1 1 0 1 0 0 0 0 1 1 
1 1 0 0 1 1 1 0 1 1 0 0 1 0 1 1 0 0 1 
1 1 0 0 1 0 1 1 0 0 1 1 1 0 1 0 0 1 0 
1 0 1 1 1 1 1 0 0 1 0 1 0 0 0 1 1 0 1 
0 1 1 0 1 0 0 1 1 0 1 0 0 0 0 0 0 1 0 
1 1 0 0 1 0 0 0 1 1 1 0 1 1 0 1 0 0 0 
1 0 0 1 0 1 0 0 1 1 1 0 1 1 1 0 1 0 1 
0 1 0 1 0 1 0 0 0 0 1 0 0 1 1 0 1 1 1 
0 1 1 0 0 1 0 1 0 1 0 0 0 0 1 1 1 1 0 
0 1 0 1 1 1 1 1 1 1 1 0 1 1 0 0 0 1 1 
0 1 0 0 1 0 0 1 0 0 0 1 0 1 0 0 0 0 0 
0 0 1 0 1 0 1 0 1 0 1 1 1 0 0 0 1 1 1 
0 1 0 1 1 1 1 1 1 1 1 1 0 1 0 1 0 0 1 
1 0 0 0 0 1 1 1 1 1 0 0 1 0 1 0 0 1 1 
1 1 1 1 1 0 1 0 1 0 1 1 1 1 0 1 1 0 0 
0 1 0 1 1 1 1 1 1 1 1 0 1 1 0 0 0 1 1 
1 1 0 0 1 0 1 1 0 0 1 1 1 0 1 0 0 1 0 
1 1 0 0 1 1 1 0 1 1 0 0 1 0 1 1 0 0 1 
1 0 1 1 1 1 1 0 0 1 0 1 0 0 0 1 1 0 1 
0 0 1 0 1 0 1 0 1 0 1 1 1 0 0 0 1 1 1 
0 1 0 1 1 1 1 1 1 1 1 0 1 1 0 0 0 1 1 
0 0 1 0 0 0 0 1 1 1 0 1 0 1 0 1 1 0 1 
0 0 1 0 1 1 1 0 0 1 0 1 1 0 0 0 0 0 1 
0 0 1 0 0 0 0 1 1 1 0 1 0 1 0 1 1 0 1 
0 1 1 1 0 1 1 1 1 1 0 0 1 1 1 1 1 0 0 
1 1 0 1 0 0 0 0 1 0 0 0 1 0 1 0 1 0 1 
0 0 0 0 1 1 0 0 1 0 1 1 1 0 1 0 1 0 1 
0 1 0 0 1 0 0 1 0 0 0 1 0 1 0 0 0 0 0 
1 0 0 0 0 1 1 1 1 1 0 0 1 0 1 0 0 1 1 
0 0 1 0 0 0 0 1 1 1 0 1 0 1 0 1 1 0 1 
0 0 0 0 1 0 0 1 1 0 0 1 0 0 0 0 0 1 1 
1 1 0 0 1 1 1 0 1 1 0 0 1 0 1 1 0 0 1 
0 0 0 0 0 1 1 0 1 0 0 0 1 1 0 0 1 1 0 
1 1 1 1 1 0 1 0 1 0 1 1 1 1 0 1 1 0 0 
0 0 0 0 0 1 1 0 1 0 0 0 1 1 0 0 1 1 0 
0 0 1 0 0 0 0 1 1 1 0 1 0 1 0 1 1 0 1 
0 1 0 0 1 0 0 1 0 0 1 1 0 0 0 1 1 0 1 
0 1 1 1 0 1 1 1 1 1 0 0 1 1 1 1 1 0 0 
0 0 0 0 0 1 0 0 0 0 1 0 0 0 0 1 1 1 0 
1 1 1 1 0 1 0 1 0 0 1 0 0 0 0 1 0 0 1 
0 0 1 0 1 0 1 0 1 0 1 1 1 0 0 0 1 1 1 
0 1 0 0 1 0 0 1 0 0 1 1 0 0 0 1 1 0 1 
1 1 0 0 1 1 1 0 1 1 0 0 1 0 1 1 0 0 1 
0 0 1 0 1 1 1 0 0 1 0 1 1 0 0 0 0 0 1 
0 1 0 0 1 0 0 1 0 0 0 1 0 1 0 0 0 0 0 
0 0 1 0 1 0 1 0 1 0 1 1 1 0 0 0 1 1 1 
0 0 1 0 1 0 1 0 1 0 1 1 1 0 0 0 1 1 1 
0 1 0 0 1 0 0 1 0 0 1 1 0 0 0 1 1 0 1 
1 1 0 0 1 1 1 0 1 1 0 0 1 0 1 1 0 0 1 
0 1 0 0 1 0 0 1 0 0 1 1 0 0 0 1 1 0 1 
1 1 0 1 0 0 0 0 1 0 0 0 1 0 1 0 1 0 1 
1 1 0 0 1 1 1 0 1 1 0 0 1 0 1 1 0 0 1 
1 1 1 0 1 1 0 0 1 0 1 1 1 1 0 0 1 1 0 
1 0 1 1 0 1 0 0 0 0 1 0 0 1 0 1 1 0 0 
1 1 0 0 1 0 0 0 1 1 1 0 1 1 0 1 0 0 0 
0 1 1 1 0 1 1 1 1 1 0 0 1 1 1 1 1 0 0 
0 1 0 0 0 1 0 1 0 0 0 1 0 0 0 0 0 0 1 
1 1 0 0 1 0 1 1 0 0 1 1 1 0 1 0 0 1 0 
1 1 0 1 0 0 0 0 1 0 0 0 1 0 1 0 1 0 1 
0 0 1 0 1 0 1 0 1 0 1 1 1 0 0 0 1 1 1 
1 0 1 1 0 1 0 1 1 0 0 0 0 1 0 1 0 1 1 

100 11 10
1 0 1 1 0 1 0 0 1 1 0 
1 0 1 0 1 1 0 1 0 0 0 
0 0 1 0 1 1 0 0 1 0 0 
0 1 1 1 0 0 0 0 1 0 1 
0 0 1 0 0 0 1 1 1 0 1 
0 0 1 0 0 1 1 1 0 0 0 
0 0 1 0 1 1 0 1 0 1 0 
1 1 0 0 1 1 1 1 1 0 1 
0 1 1 1 1 0 1 1 0 1 1 
1 1 1 0 1 1 1 1 0 0 0 
1 0 0 0 0 1 0 1 1 0 1 
1 1 1 0 1 1 0 0 0 1 0 
1 1 0 1 0 1 0 1 0 1 0 
0 1 0 1 0 0 1 1 0 0 1 
1 1 1 0 0 0 0 0 0 1 1 
0 1 1 1 0 1 0 1 1 0 0 
0 1 0 1 1 0 0 1 0 1 1 
0 1 0 1 1 0 1 1 1 0 0 
0 0 0 0 1 1 1 0 0 0 0 
0 1 1 1 1 0 0 0 1 1 1 
0 0 1 1 1 1 1 0 0 0 1 
1 0 0 0 0 0 1 0 0 0 0 
0 0 1 0 1 0 0 0 0 1 0 
1 0 1 0 0 0 0 0 1 0 1 
0 1 1 1 1 1 0 0 0 0 1 
0 0 1 0 0 0 0 1 1 0 1 
0 0 0 0 0 0 0 0 0 0 0 
0 1 0 0 0 1 0 1 0 0 1 
1 0 1 0 0 0 1 0 0 0 1 
0 1 1 1 1 0 1 1 0 1 0 
1 0 0 0 1 0 1 0 0 1 0 
1 1 0 0 1 0 0 1 1 0 1 
1 0 0 1 1 1 1 1 1 0 1 
0 1 0 1 1 1 0 0 1 1 1 
0 0 0 1 0 0 0 1 1 0 0 
0 0 1 0 0 0 1 0 1 0 0 
1 1 1 0 1 0 1 1 0 1 1 
0 0 0 0 1 0 1 1 1 1 0 
0 0 0 1 1 1 0 1 0 1 1 
1 1 0 1 1 1 0 1 0 1 0 
0 0 0 0 1 1 0 0 1 1 0 
1 0 1 0 0 1 1 0 0 1 0 
1 0 0 1 0 0 1 1 0 0 0 
0 0 0 1 0 0 0 1 0 0 0 
1 1 0 1 0 0 0 1 1 1 1 
0 1 0 0 0 1 1 1 1 1 1 
1 1 0 1 0 0 1 0 0 0 0 
0 0 0 1 0 1 0 0 1 1 1 
0 1 0 1 1 0 1 0 1 0 0 
1 1 1 1 0 1 0 0 0 0 1 
1 1 1 0 1 1 1 1 0 0 0 
0 1 1 1 1 0 0 0 1 1 1 
1 0 0 0 0 0 1 0 0 0 0 
0 0 1 0 0 0 1 1 1 0 1 
0 0 1 1 1 1 1 0 0 0 1 
0 1 1 1 1 1 0 0 0 0 1 
0 1 1 1 1 1 0 0 0 0 1 
1 0 0 0 0 1 0 1 1 0 1 
1 1 1 0 0 0 0 0 0 1 1 
0 0 1 1 1 1 1 0 0 0 1 
1 0 0 0 0 1 0 1 1 0 1 
1 0 1 0 1 1 0 1 0 0 0 
1 0 0 0 0 1 0 1 1 0 1 
1 0 0 0 0 0 1 0 0 0 0 
0 0 1 1 1 1 1 0 0 0 1 
0 1 1 1 1 0 0 0 1 1 1 
0 1 0 0 0 1 0 1 0 0 1 
0 0 1 0 1 1 0 1 0 1 0 
0 1 1 1 1 0 0 0 1 1 1 
1 1 0 0 1 0 0 1 1 0 1 
0 1 1 1 1 0 0 0 1 1 1 
0 1 1 1 1 0 0 0 1 1 1 
0 1 1 1 1 0 0 0 1 1 1 
1 1 1 0 0 0 0 0 0 1 1 
1 0 1 1 0 1 0 0 1 1 0 
0 0 0 0 1 0 1 1 1 1 0 
1 0 0 0 0 0 1 0 0 0 0 
0 1 1 1 1 0 0 0 1 1 1 
0 0 0 1 0 1 0 0 1 1 1 
0 0 0 0 1 0 1 1 1 1 0 
1 0 0 0 0 1 0 1 1 0 1 
1 0 0 0 0 1 0 1 1 0 1 
0 1 1 1 1 1 0 0 0 0 1 
1 0 0 0 0 0 1 0 0 0 0 
1 0 0 0 0 0 1 0 0 0 0 
1 0 0 0 0 1 0 1 1 0 1 
0 0 1 0 1 1 0 1 0 1 0 
0 1 0 0 0 1 0 1 0 0 1 
0 0 0 1 0 0 0 1 0 0 0 
1 0 0 1 0 0 1 1 0 0 0 
0 0 0 0 0 0 0 0 0 0 0 
0 1 0 0 0 1 0 1 0 0 1 
0 0 0 1 0 1 0 0 1 1 1 
0 0 0 1 1 1 0 1 0 1 1 
0 1 1 1 1 0 0 0 1 1 1 
0 0 1 0 0 0 1 0 1 0 0 
0 0 1 0 0 0 0 1 1 0 1 
1 1 1 0 0 0 0 0 0 1 1 
0 0 0 1 0 0 0 1 0 0 0 
0 1 0 0 0 1 1 1 1 1 1 

75 11 4
1 1 1 1 1 1 0 0 0 0 1 
1 1 1 1 1 1 0 0 0 1 1 
1 0 0 0 0 0 0 1 1 1 0 
0 0 0 1 0 1 1 0 1 0 0 
0 1 1 1 0 0 0 0 0 1 0 
0 1 1 1 1 1 0 0 1 0 1 
0 1 0 1 1 0 1 1 1 1 0 
1 0 1 0 0 1 1 0 1 0 1 
1 1 0 0 1 1 0 1 1 1 0 
1 1 1 0 1 0 1 0 1 1 1 
1 1 0 0 0 0 0 0 1 1 0 
0 1 0 1 0 0 0 0 0 0 0 
1 1 1 0 1 1 0 1 1 1 0 
1 0 0 1 0 0 1 0 1 0 1 
1 0 0 0 0 0 1 1 0 1 1 
1 0 1 0 1 1 0 0 0 1 1 
0 0 0 1 1 1 1 0 1 1 1 
0 1 0 1 0 1 1 0 0 1 1 
1 1 0 1 1 1 0 1 0 0 0 
1 0 0 1 1 1 1 0 0 1 0 
1 1 1 0 0 0 1 1 0 1 1 
1 0 1 1 0 0 0 0 1 0 1 
1 1 1 0 1 0 1 1 1 0 1 
1 1 0 0 1 1 0 0 1 0 1 
1 1 1 1 1 1 0 1 0 1 1 
1 1 0 0 0 0 1 1 1 0 1 
0 1 0 1 1 1 0 0 1 1 0 
0 0 0 0 0 1 0 1 1 0 1 
1 0 1 1 1 1 0 0 1 1 1 
0 0 0 0 0 0 1 1 1 1 1 
0 1 1 0 0 0 0 1 0 0 0 
0 0 0 1 1 0 1 1 0 1 0 
1 1 1 0 1 0 0 0 0 1 0 
1 1 1 1 0 1 0 1 1 0 0 
0 1 1 0 1 1 0 1 0 0 0 
0 0 0 0 0 0 1 0 0 1 1 
0 1 1 1 0 1 0 1 1 0 1 
1 0 0 0 0 0 0 1 1 1 0 
1 1 1 0 0 0 1 1 0 1 1 
1 1 1 1 1 1 0 1 0 1 1 
0 0 0 1 1 0 1 1 0 1 0 
1 0 1 1 0 0 0 0 1 0 1 
1 1 0 0 0 0 1 1 1 0 1 
0 1 1 1 1 1 0 0 1 0 1 
1 1 1 1 1 1 0 0 0 0 1 
1 1 0 0 1 1 0 0 1 0 1 
0 1 1 1 0 1 0 1 1 0 1 
0 1 0 1 0 1 1 0 0 1 1 
1 1 1 1 1 1 0 0 0 1 1 
1 0 1 1 0 0 0 0 1 0 1 
1 0 0 0 0 0 0 1 1 1 0 
1 1 1 1 1 1 0 1 0 1 1 
1 1 0 0 1 1 0 0 1 0 1 
1 1 1 1 1 1 0 0 0 1 1 
1 0 1 1 1 1 0 0 1 1 1 
1 0 0 1 0 0 1 0 1 0 1 
1 1 1 1 1 1 0 0 0 1 1 
0 1 0 1 0 1 1 0 0 1 1 
0 0 0 1 1 1 1 0 1 1 1 
1 1 1 1 1 1 0 1 0 1 1 
1 0 1 1 1 1 0 0 1 1 1 
1 1 1 1 1 1 0 1 0 1 1 
1 1 1 1 1 1 0 0 0 1 1 
1 0 1 1 1 1 0 0 1 1 1 
1 1 0 0 0 0 1 1 1 0 1 
1 0 1 1 1 1 0 0 1 1 1 
1 0 1 1 1 1 0 0 1 1 1 
1 0 0 0 0 0 1 1 0 1 1 
0 1 1 1 0 1 0 1 1 0 1 
0 1 1 0 1 1 0 1 0 0 0 
0 0 0 1 1 1 1 0 1 1 1 
1 0 1 1 1 1 0 0 1 1 1 
1 0 1 1 0 0 0 0 1 0 1 
1 1 0 0 1 1 0 0 1 0 1 
1 1 1 1 1 1 0 1 0 1 1 

15 17 3
0 0 1 0 0 0 0 0 1 0 1 0 0 0 1 1 1 
1 0 1 1 1 1 0 1 1 1 0 0 0 1 0 0 1 
0 0 1 0 0 1 0 1 0 1 0 1 1 0 0 0 0 
1 0 1 1 0 1 0 1 1 1 0 0 0 0 1 1 1 
1 0 1 0 0 0 1 0 0 1 0 1 0 0 1 1 1 
1 0 1 1 0 1 1 0 0 1 1 0 1 1 0 0 0 
1 0 1 0 0 1 1 0 0 0 0 0 0 0 0 0 0 
1 0 1 0 0 0 1 0 0 1 0 1 0 0 1 1 1 
0 0 1 0 0 1 0 1 0 1 0 1 1 0 0 0 0 
1 0 1 1 1 1 0 1 1 1 0 0 0 1 0 0 1 
1 0 1 0 0 1 1 0 0 0 0 0 0 0 0 0 0 
0 0 1 0 0 1 0 1 0 1 0 1 1 0 0 0 0 
1 0 1 0 0 1 1 0 0 0 0 0 0 0 0 0 0 
1 0 1 1 0 1 1 0 0 1 1 0 1 1 0 0 0 
1 0 1 0 0 1 1 0 0 0 0 0 0 0 0 0 0 

38 4 1
0 1 0 1 
1 1 0 0 
1 0 1 0 
0 1 1 0 
1 0 1 0 
1 1 1 1 
1 1 1 1 
0 1 1 1 
0 1 0 1 
0 0 1 1 
1 1 1 0 
1 0 0 0 
0 0 0 1 
1 1 1 0 
0 1 1 0 
0 1 0 0 
0 1 0 0 
1 1 0 0 
0 0 1 0 
0 1 1 0 
0 1 0 0 
0 1 1 0 
1 1 1 0 
0 1 0 0 
1 1 1 0 
0 1 0 0 
0 1 0 0 
0 1 1 0 
1 0 1 0 
0 1 0 1 
0 0 1 1 
1 1 1 1 
0 0 1 1 
0 1 0 0 
0 1 1 0 
0 1 0 0 
0 1 0 0 
0 1 1 1 

5 13 10
0 0 0 0 1 1 0 1 1 0 1 1 1 
0 1 1 1 0 1 0 1 1 0 0 0 0 
0 1 1 1 0 1 0 1 1 0 0 0 0 
0 1 1 1 0 1 0 1 1 0 0 0 0 
0 1 1 1 0 1 0 1 1 0 0 0 0 

66 6 4
1 0 1 1 1 0 
0 1 1 1 0 1 
0 1 0 1 0 1 
0 1 1 0 0 0 
1 0 1 1 0 0 
0 0 1 1 0 0 
1 0 0 1 1 1 
1 1 0 0 0 0 
0 1 1 0 1 0 
0 0 1 0 1 1 
1 1 1 1 0 1 
0 1 0 0 1 0 
0 1 0 1 0 0 
1 0 0 1 1 0 
0 1 0 0 0 1 
1 0 1 0 0 1 
0 1 1 0 1 0 
0 0 1 0 0 1 
0 0 0 0 1 0 
0 1 0 0 1 0 
1 0 1 0 0 0 
0 0 0 1 1 0 
1 0 0 0 1 0 
0 1 1 1 0 0 
1 1 0 0 1 0 
1 1 0 0 0 0 
1 0 1 0 1 1 
1 0 0 1 0 0 
0 1 0 0 0 0 
0 1 1 0 1 0 
1 1 1 1 1 0 
1 0 1 0 0 1 
0 1 1 1 1 1 
0 1 1 0 1 0 
0 0 1 0 0 1 
0 1 1 0 0 0 
0 1 1 1 0 0 
1 0 1 0 0 0 
0 1 1 0 1 0 
0 1 0 0 0 1 
1 1 0 0 0 0 
0 1 0 0 0 1 
1 0 1 0 0 1 
0 1 1 1 0 0 
0 0 1 1 0 0 
0 0 1 0 0 1 
0 1 1 1 0 0 
1 0 0 1 1 0 
0 1 0 0 0 1 
0 1 1 0 0 0 
1 0 1 0 0 0 
0 1 0 0 0 1 
1 0 1 0 0 1 
1 0 0 0 1 0 
0 1 1 1 1 1 
0 1 1 0 1 0 
1 1 0 0 1 0 
1 0 1 0 0 1 
0 0 0 1 1 0 
0 1 1 0 1 0 
0 1 0 0 0 1 
0 1 0 0 1 0 
0 0 1 1 0 0 
0 1 1 1 1 1 
0 1 0 0 0 0 
0 1 0 1 0 1 

66 8 8
0 1 1 0 1 1 0 0 
0 1 0 0 0 0 1 0 
1 1 0 1 0 0 1 1 
0 1 1 0 1 0 1 1 
1 0 1 0 1 0 1 1 
0 0 0 0 0 1 1 1 
0 0 1 0 1 1 1 0 
1 1 0 0 0 0 1 0 
1 0 0 1 1 1 0 0 
0 0 1 0 1 1 1 1 
0 1 1 0 0 1 0 1 
0 0 1 0 1 1 0 1 
1 1 1 1 0 0 1 0 
1 1 0 1 0 1 1 0 
1 1 0 0 1 1 1 0 
0 1 1 1 0 1 1 0 
0 0 0 0 0 0 0 1 
1 0 1 0 1 1 0 0 
0 0 1 0 1 0 1 1 
0 0 0 1 1 0 0 1 
1 1 1 1 0 1 1 1 
0 1 1 0 0 1 1 0 
1 0 0 1 0 0 1 1 
1 0 1 1 0 1 0 0 
0 1 0 1 1 0 0 0 
0 1 1 1 1 1 0 0 
1 0 0 1 0 1 0 1 
0 0 1 1 1 1 0 1 
1 1 1 1 0 0 1 1 
1 0 1 1 0 1 0 1 
1 1 0 1 0 0 0 1 
0 1 0 0 1 1 0 0 
1 0 0 0 0 0 1 1 
1 0 0 1 0 0 1 1 
1 0 0 1 0 1 0 1 
0 1 1 0 1 1 0 0 
1 1 0 1 0 0 1 1 
0 1 0 0 1 1 0 0 
0 0 1 0 1 0 1 1 
0 0 1 0 1 0 1 1 
0 0 1 0 1 1 1 0 
0 0 0 0 0 0 0 1 
1 1 1 1 0 1 1 1 
0 1 0 0 0 0 1 0 
1 0 0 0 0 0 1 1 
0 0 0 0 0 0 0 1 
0 1 1 0 0 1 1 0 
1 1 1 1 0 1 1 1 
0 1 1 0 0 1 0 1 
0 0 0 0 0 0 0 1 
0 1 1 0 1 0 1 1 
0 0 0 0 0 0 0 1 
0 0 1 0 1 1 1 0 
0 0 0 0 0 0 0 1 
0 0 1 0 1 1 0 1 
1 1 1 1 0 1 1 1 
0 0 1 0 1 1 1 0 
0 0 0 0 0 0 0 1 
0 0 0 0 0 0 0 1 
0 1 1 0 1 0 1 1 
1 0 0 1 1 1 0 0 
1 1 1 1 0 0 1 1 
0 0 0 0 0 0 0 1 
0 0 0 0 0 0 0 1 
0 0 1 0 1 1 1 0 
1 0 1 1 0 1 0 1 

96 7 5
1 0 0 0 1 0 1 
0 1 1 0 0 1 1 
0 0 0 0 0 0 0 
0 1 0 0 0 1 1 
1 0 1 1 0 1 1 
0 0 1 0 0 0 1 
1 1 1 1 0 1 0 
1 1 0 1 0 1 0 
0 1 1 1 1 0 1 
1 0 1 0 0 0 1 
0 1 0 1 1 0 0 
0 0 0 1 1 1 0 
1 0 0 0 0 0 1 
0 1 0 1 1 1 1 
0 0 1 1 1 1 0 
1 1 0 0 0 0 1 
1 1 1 1 0 1 0 
1 0 1 1 0 0 0 
0 0 1 1 0 1 0 
1 0 1 1 0 1 0 
0 0 0 0 0 0 0 
0 1 1 1 1 1 0 
1 1 1 0 1 0 1 
1 0 0 0 0 0 1 
1 0 1 1 0 0 0 
0 0 0 1 0 0 0 
1 0 0 1 0 1 0 
0 1 0 1 1 1 1 
0 0 0 1 1 1 0 
1 0 0 0 0 0 1 
0 0 1 1 1 1 1 
1 1 0 0 0 1 1 
0 0 1 1 0 1 0 
0 1 0 0 0 0 0 
0 0 1 0 1 0 1 
0 0 0 1 1 1 1 
1 1 0 1 1 1 1 
1 1 0 1 1 1 1 
0 1 1 1 0 0 0 
0 1 0 1 0 0 0 
0 0 1 0 1 0 0 
1 0 1 0 0 0 1 
0 0 1 0 1 1 0 
0 0 0 1 0 1 0 
1 0 0 1 0 0 0 
0 0 0 1 1 0 0 
0 0 1 1 1 1 0 
0 0 0 1 1 1 1 
1 0 0 1 0 1 0 
0 0 1 1 1 1 0 
0 1 0 1 1 1 1 
0 0 0 1 0 1 0 
0 0 0 1 1 0 0 
0 0 1 0 1 0 0 
0 0 0 1 0 1 0 
0 1 0 0 0 1 1 
0 1 1 0 0 1 1 
1 0 1 1 0 0 0 
0 0 0 1 0 0 0 
0 0 1 0 1 0 0 
0 0 0 1 0 0 0 
0 0 0 0 0 0 0 
0 0 1 0 1 0 0 
0 0 0 1 1 1 0 
0 1 0 0 0 1 1 
0 0 1 0 1 0 1 
0 1 0 1 1 1 1 
0 1 0 0 0 0 0 
0 0 1 0 0 0 1 
0 1 1 1 1 1 0 
1 0 0 1 0 1 0 
1 1 1 0 1 0 1 
0 1 0 0 0 0 0 
1 0 0 1 0 1 0 
1 0 0 0 0 0 1 
0 0 0 1 0 0 0 
0 1 1 1 1 1 0 
0 0 0 1 0 0 0 
0 0 0 1 0 0 0 
0 1 1 1 1 0 1 
0 1 0 0 0 0 0 
1 1 1 0 1 0 1 
1 0 0 1 0 0 0 
1 1 1 0 1 0 1 
0 1 1 1 1 1 0 
0 0 0 1 1 1 0 
0 0 0 1 0 1 0 
1 0 1 1 0 0 0 
0 0 0 0 0 0 0 
1 0 0 0 0 0 1 
1 1 0 1 0 1 0 
0 1 0 0 0 1 1 
1 0 0 1 0 1 0 
1 1 1 1 0 1 0 
0 0 0 0 0 0 0 
0 0 0 1 0 0 0 

25 7 6
1 1 1 0 0 0 0 
0 0 1 0 1 0 1 
0 1 1 1 0 0 0 
0 0 1 1 1 0 0 
0 1 1 0 1 0 1 
0 1 0 0 0 1 0 
0 0 0 1 0 0 1 
1 1 1 0 1 1 0 
0 1 0 0 1 0 0 
0 0 0 0 0 1 1 
0 1 0 0 1 0 1 
0 0 1 0 0 0 1 
0 0 1 0 0 0 1 
0 0 1 0 0 0 1 
0 0 0 1 0 0 1 
0 1 1 0 1 0 1 
0 1 0 0 1 0 0 
0 0 0 0 0 1 1 
0 0 0 1 0 0 1 
0 1 1 0 1 0 1 
0 0 0 1 0 0 1 
1 1 1 0 1 1 0 
0 1 1 0 1 0 1 
1 1 1 0 1 1 0 
0 0 1 0 0 0 1 

33 2 1
1 0 
1 0 
1 1 
0 1 
1 0 
0 1 
0 0 
1 1 
0 0 
0 0 
0 1 
1 0 
0 0 
1 1 
1 1 
0 0 
0 0 
1 1 
0 0 
0 0 
1 1 
1 0 
1 1 
1 0 
0 0 
1 0 
1 1 
0 1 
1 1 
1 0 
0 0 
0 0 
1 1 

71 5 1
0 0 1 0 1 
0 0 0 0 1 
1 1 1 1 1 
1 0 1 0 0 
1 1 0 0 1 
1 0 0 0 1 
1 1 1 1 1 
0 0 1 1 1 
1 1 1 0 1 
0 0 0 1 1 
0 0 1 0 1 
1 0 1 0 1 
0 1 1 1 0 
0 0 0 0 0 
0 1 1 1 1 
1 1 0 1 0 
0 0 1 1 1 
1 1 1 0 0 
0 0 0 1 1 
1 1 1 1 0 
1 0 0 1 1 
0 0 1 1 1 
1 1 0 1 0 
1 1 0 1 1 
1 0 0 1 0 
1 0 1 1 0 
1 1 0 0 0 
0 0 1 0 0 
1 0 0 1 1 
0 0 0 0 0 
0 0 0 1 1 
1 1 0 1 1 
0 1 1 1 0 
1 1 1 0 1 
0 1 0 0 0 
1 1 1 1 1 
1 1 1 0 0 
0 0 1 1 1 
1 0 1 1 0 
1 1 1 1 1 
0 0 1 0 1 
1 1 1 0 1 
0 0 0 1 1 
1 1 0 0 0 
0 1 1 1 0 
1 0 1 0 1 
0 1 1 1 0 
0 1 1 1 0 
1 0 1 1 0 
0 0 0 1 1 
0 1 1 1 0 
1 1 1 0 0 
1 0 0 0 1 
0 0 1 1 1 
0 0 0 1 1 
1 1 1 1 0 
1 1 0 1 0 
0 0 0 0 0 
1 1 0 0 1 
1 0 0 0 1 
1 0 1 0 1 
1 0 0 0 1 
1 1 1 1 1 
1 0 0 1 1 
0 0 1 1 1 
1 1 1 1 0 
0 1 1 1 0 
1 1 1 0 1 
1 0 1 1 0 
1 0 0 0 1 
0 0 0 1 1 

12 10 7
1 1 1 1 0 1 0 0 1 1 
0 0 0 0 1 1 0 1 0 1 
0 1 0 0 1 1 1 1 0 0 
1 0 0 0 0 1 1 1 0 1 
0 1 1 0 0 0 0 1 1 1 
1 0 1 0 1 0 1 1 0 0 
1 0 1 0 1 0 1 1 0 0 
0 0 0 0 1 1 0 1 0 1 
0 1 1 0 0 0 0 1 1 1 
1 0 1 0 1 0 1 1 0 0 
0 0 0 0 1 1 0 1 0 1 
0 0 0 0 1 1 0 1 0 1 

11 2 1
0 0 
0 1 
0 1 
0 1 
1 1 
1 1 
0 1 
0 0 
0 0 
0 0 
0 0 

72 3 2
0 1 0 
0 0 1 
0 0 1 
0 1 1 
1 0 1 
0 1 1 
0 0 1 
0 0 1 
0 1 0 
0 1 0 
0 1 1 
0 1 0 
1 1 1 
0 0 0 
1 0 0 
1 0 0 
1 1 1 
0 0 1 
0 0 1 
0 0 0 
0 0 1 
1 0 0 
0 1 0 
0 1 1 
1 1 1 
0 1 1 
1 0 1 
0 1 1 
1 0 1 
1 0 1 
0 1 1 
1 1 1 
1 0 1 
0 1 0 
1 0 0 
0 1 1 
0 1 1 
0 1 1 
0 0 1 
0 0 1 
1 0 0 
0 1 1 
1 0 1 
1 0 0 
0 0 1 
1 0 0 
0 0 1 
1 1 1 
0 1 1 
0 0 1 
0 0 1 
0 1 1 
1 0 1 
0 1 1 
0 1 0 
1 0 0 
0 1 1 
0 0 1 
0 1 0 
0 1 1 
0 0 1 
0 1 0 
0 0 1 
0 0 1 
0 1 1 
1 0 0 
1 0 0 
1 0 0 
0 1 0 
0 1 1 
0 0 1 
1 0 0 

72 4 1
0 0 1 0 
0 1 1 0 
0 0 0 0 
0 0 1 1 
0 0 1 1 
1 0 1 0 
0 0 1 0 
0 1 1 0 
0 1 1 0 
0 1 0 1 
0 1 0 1 
0 1 1 1 
0 1 0 1 
0 1 1 0 
1 1 0 0 
1 0 0 1 
1 0 0 0 
0 0 0 1 
1 1 1 1 
0 1 0 0 
1 0 0 0 
0 0 1 1 
1 1 1 1 
1 0 0 1 
0 0 1 0 
0 1 0 0 
1 1 0 0 
0 1 1 1 
0 0 0 1 
1 1 0 1 
1 1 0 1 
0 1 0 1 
0 0 1 0 
1 0 1 0 
0 0 0 1 
1 0 0 0 
0 0 1 1 
0 0 1 1 
0 1 1 1 
0 1 1 0 
0 0 1 1 
1 1 0 1 
0 0 1 0 
0 0 1 1 
0 0 0 1 
0 0 0 1 
1 0 0 1 
0 1 1 1 
0 1 1 0 
0 0 1 1 
0 1 1 0 
0 1 1 0 
0 1 1 1 
0 1 1 1 
0 1 1 1 
1 0 0 0 
0 0 1 0 
0 0 1 1 
0 0 1 0 
0 1 1 1 
0 1 1 0 
0 1 1 0 
0 0 1 1 
0 0 0 1 
1 1 0 1 
0 1 1 0 
0 1 1 1 
0 1 1 0 
0 1 1 1 
1 1 1 1 
0 1 1 0 
0 0 0 1 

13 20 8
0 0 0 0 0 0 0 1 0 1 0 0 1 0 1 1 0 0 1 0 
0 0 0 0 1 1 0 1 0 1 1 1 0 0 1 0 1 0 1 1 
1 0 0 0 1 0 1 1 1 1 1 0 1 0 0 1 1 1 1 0 
0 0 1 1 0 0 0 0 1 0 0 1 1 0 0 1 0 0 1 0 
1 1 1 1 1 0 0 1 1 1 0 1 1 1 1 1 0 1 1 1 
0 0 0 0 1 1 0 0 1 0 0 0 0 1 1 0 1 0 1 1 
1 0 0 0 1 0 1 1 1 1 1 0 1 0 0 1 1 1 1 0 
0 0 0 0 1 1 0 0 1 0 0 0 0 1 1 0 1 0 1 1 
1 0 0 0 1 0 1 1 1 1 1 0 1 0 0 1 1 1 1 0 
0 0 0 0 0 0 0 1 0 1 0 0 1 0 1 1 0 0 1 0 
0 0 0 0 1 1 0 0 1 0 0 0 0 1 1 0 1 0 1 1 
0 0 0 0 0 0 0 1 0 1 0 0 1 0 1 1 0 0 1 0 
1 0 0 0 1 0 1 1 1 1 1 0 1 0 0 1 1 1 1 0 

49 16 9
0 0 1 1 1 1 0 0 0 0 0 0 0 0 1 0 
0 0 1 0 0 1 0 1 0 0 1 0 1 1 0 0 
0 0 1 1 0 1 1 1 1 1 0 1 0 1 0 1 
1 0 1 0 0 0 1 1 0 0 1 0 1 0 0 1 
1 1 0 1 0 0 1 0 0 1 0 0 1 1 1 1 
0 1 0 0 0 1 0 1 1 1 0 1 0 0 1 0 
0 1 0 1 0 1 0 1 1 0 0 1 0 0 1 1 
0 0 1 0 0 1 0 0 0 0 1 1 1 1 1 1 
0 1 0 0 1 1 0 1 0 0 0 1 1 1 1 1 
1 0 0 1 0 0 1 1 1 1 0 0 0 1 0 0 
0 1 0 1 1 0 0 1 0 1 1 1 1 0 1 1 
1 0 0 1 0 0 0 0 1 0 0 0 0 1 1 0 
0 1 0 0 0 1 0 0 0 0 1 0 0 1 0 1 
1 1 0 0 1 1 1 0 1 1 1 1 0 0 0 1 
1 1 0 1 1 0 0 1 1 1 0 1 1 0 1 1 
0 1 0 0 0 1 0 1 1 1 1 1 1 1 1 0 
0 1 1 1 1 1 0 0 1 0 1 0 0 1 0 1 
0 0 1 1 0 1 1 1 1 0 0 0 1 0 0 1 
1 1 1 0 0 0 0 1 0 0 0 0 1 0 0 0 
0 1 1 0 1 0 0 0 1 0 0 1 1 1 0 0 
0 0 0 1 0 0 0 1 0 0 1 1 1 0 0 1 
1 0 1 1 0 0 0 1 1 0 0 1 0 0 0 0 
1 0 1 1 1 1 1 0 1 1 0 1 0 0 0 0 
0 1 1 1 0 0 1 1 0 0 0 1 1 0 0 1 
1 0 1 0 0 0 1 1 0 0 1 0 1 0 0 1 
1 1 0 0 1 1 1 0 1 1 1 1 0 0 0 1 
1 1 1 0 0 0 0 1 0 0 0 0 1 0 0 0 
1 1 1 0 0 0 0 1 0 0 0 0 1 0 0 0 
1 1 0 0 1 1 1 0 1 1 1 1 0 0 0 1 
0 0 1 1 0 1 1 1 1 1 0 1 0 1 0 1 
1 0 1 1 0 0 0 1 1 0 0 1 0 0 0 0 
0 1 0 1 1 0 0 1 0 1 1 1 1 0 1 1 
0 1 1 0 1 0 0 0 1 0 0 1 1 1 0 0 
0 1 0 0 1 1 0 1 0 0 0 1 1 1 1 1 
0 1 0 0 1 1 0 1 0 0 0 1 1 1 1 1 
1 1 0 1 0 0 1 0 0 1 0 0 1 1 1 1 
1 1 0 1 0 0 1 0 0 1 0 0 1 1 1 1 
0 1 0 1 1 0 0 1 0 1 1 1 1 0 1 1 
1 0 1 1 0 0 0 1 1 0 0 1 0 0 0 0 
0 0 1 1 0 1 1 1 1 1 0 1 0 1 0 1 
1 0 1 0 0 0 1 1 0 0 1 0 1 0 0 1 
1 1 0 1 1 0 0 1 1 1 0 1 1 0 1 1 
1 0 0 1 0 0 1 1 1 1 0 0 0 1 0 0 
1 0 1 1 0 0 0 1 1 0 0 1 0 0 0 0 
0 0 1 1 0 1 1 1 1 1 0 1 0 1 0 1 
1 0 1 1 1 1 1 0 1 1 0 1 0 0 0 0 
0 1 0 1 0 1 0 1 1 0 0 1 0 0 1 1 
0 1 0 0 0 1 0 1 1 1 0 1 0 0 1 0 
0 0 1 1 0 1 1 1 1 1 0 1 0 1 0 1 

26 2 1
1 1 
1 1 
0 1 
0 1 
0 0 
0 0 
1 1 
1 0 
0 0 
1 0 
0 1 
1 1 
1 0 
0 1 
1 0 
1 1 
1 1 
0 1 
0 0 
0 0 
0 0 
0 0 
1 1 
0 1 
0 0 
1 0 

98 19 17
0 1 1 1 1 0 0 1 1 1 0 1 1 1 1 1 1 1 0 
1 0 0 0 1 1 1 1 1 1 1 0 1 1 1 1 0 0 1 
0 0 0 1 1 0 0 0 1 1 1 0 0 1 0 1 1 0 1 
0 1 0 1 0 1 0 0 1 1 1 1 1 1 1 0 0 1 0 
1 0 1 0 0 0 1 0 0 0 0 1 1 0 1 0 0 0 0 
0 1 1 0 1 1 0 0 1 0 0 0 1 1 0 1 0 1 0 
1 1 0 0 0 1 0 1 0 0 1 1 0 1 0 1 1 0 0 
0 1 0 0 0 1 0 1 0 0 1 0 1 0 1 1 1 1 0 
1 0 0 0 0 0 0 0 0 0 0 1 0 1 0 0 1 1 1 
0 1 1 1 1 0 0 0 1 0 0 1 1 0 1 0 1 1 1 
0 0 0 0 1 1 1 0 1 0 1 1 0 0 1 0 0 1 1 
0 0 1 1 1 0 1 1 0 1 0 1 1 1 0 1 0 0 1 
0 0 1 1 1 1 0 1 1 0 1 0 1 1 1 0 0 0 0 
1 0 0 0 0 1 1 1 0 0 0 1 0 0 0 0 0 1 0 
1 1 0 1 0 0 1 0 1 0 1 0 0 0 0 0 1 0 0 
0 0 0 0 0 0 1 0 1 1 1 1 1 0 0 1 0 0 1 
1 0 1 1 1 1 1 0 1 1 0 0 0 0 0 0 0 0 1 
0 0 0 0 1 1 1 1 0 0 1 0 0 1 0 0 0 1 1 
1 0 0 1 0 1 0 1 1 1 1 1 1 0 0 1 0 1 1 
0 1 1 1 0 0 0 1 0 1 1 1 0 0 0 1 0 1 1 
1 1 1 0 0 1 1 1 0 1 1 0 0 1 1 1 1 1 1 
1 0 0 0 0 1 1 0 1 1 0 0 1 1 1 0 0 1 0 
0 0 1 1 0 1 0 0 0 1 0 0 0 0 0 0 0 0 1 
0 0 0 0 0 1 1 0 0 0 1 1 0 1 0 0 0 1 0 
1 1 1 0 1 1 0 0 1 0 1 0 1 1 1 1 0 1 1 
0 0 1 1 0 1 1 0 0 0 1 0 1 1 1 0 1 1 1 
0 1 0 1 0 0 0 0 0 0 0 1 1 1 0 1 1 1 0 
1 0 0 1 1 1 0 1 1 0 1 0 1 0 0 0 0 1 0 
1 0 1 1 1 1 0 0 0 1 1 1 1 1 1 1 0 1 1 
0 1 0 1 0 0 0 0 1 0 1 0 0 1 1 0 0 1 0 
1 0 1 1 0 0 1 0 1 0 0 1 1 1 1 0 0 1 0 
1 1 0 0 1 0 0 1 0 1 0 1 1 0 1 0 0 1 1 
1 0 1 1 1 0 1 0 1 1 0 1 1 1 1 1 1 0 0 
1 1 1 1 1 0 0 0 1 0 1 0 0 0 0 0 0 0 0 
1 1 0 1 1 1 1 0 1 1 0 1 0 0 0 1 1 0 0 
0 1 1 1 0 1 1 0 0 0 1 0 0 1 1 1 1 0 1 
1 1 0 0 0 0 0 0 0 1 0 0 1 0 0 1 1 0 1 
0 0 0 1 1 1 1 1 0 0 1 1 1 1 1 1 0 0 0 
0 1 0 1 0 0 1 1 0 0 0 1 0 1 1 0 0 0 0 
1 0 1 0 0 0 0 0 1 1 0 0 1 0 1 0 0 1 1 
0 0 0 0 1 1 1 0 0 1 0 0 0 0 0 1 0 1 1 
1 1 0 0 1 1 0 0 1 1 0 0 1 1 0 1 0 1 1 
1 0 0 1 0 1 0 0 0 1 0 1 0 1 0 1 0 0 1 
0 1 1 1 1 1 1 0 1 1 0 0 1 1 1 1 0 0 0 
0 0 1 1 0 0 0 0 1 0 0 0 1 1 0 1 0 0 1 
1 1 1 1 0 0 1 1 1 1 1 1 1 1 1 0 1 1 0 
0 0 1 1 0 0 1 0 1 0 1 0 1 1 0 1 1 1 0 
1 1 1 0 0 0 0 1 0 1 0 1 1 1 0 1 1 0 1 
0 0 0 1 0 0 1 1 1 0 1 1 1 1 0 0 1 1 0 
0 0 1 1 1 1 0 1 1 0 1 0 1 1 1 0 0 0 0 
0 0 1 1 0 1 0 0 0 1 0 0 0 0 0 0 0 0 1 
0 0 1 1 1 1 0 1 1 0 1 0 1 1 1 0 0 0 0 
0 1 1 0 1 1 0 0 1 0 0 0 1 1 0 1 0 1 0 
0 1 0 0 0 1 0 1 0 0 1 0 1 0 1 1 1 1 0 
1 1 1 0 0 0 0 1 0 1 0 1 1 1 0 1 1 0 1 
1 1 0 0 1 1 0 0 1 1 0 0 1 1 0 1 0 1 1 
0 0 0 0 1 1 1 0 0 1 0 0 0 0 0 1 0 1 1 
1 0 1 1 1 1 1 0 1 1 0 0 0 0 0 0 0 0 1 
1 0 0 0 0 1 1 1 0 0 0 1 0 0 0 0 0 1 0 
0 0 0 1 1 1 1 1 0 0 1 1 1 1 1 1 0 0 0 
0 1 0 1 0 0 0 0 1 0 1 0 0 1 1 0 0 1 0 
0 1 1 1 0 1 1 0 0 0 1 0 0 1 1 1 1 0 1 
1 0 0 0 1 1 1 1 1 1 1 0 1 1 1 1 0 0 1 
0 1 1 1 0 0 0 1 0 1 1 1 0 0 0 1 0 1 1 
1 0 0 1 0 1 0 1 1 1 1 1 1 0 0 1 0 1 1 
1 0 1 1 1 1 1 0 1 1 0 0 0 0 0 0 0 0 1 
1 0 1 0 0 0 1 0 0 0 0 1 1 0 1 0 0 0 0 
0 0 1 1 1 1 0 1 1 0 1 0 1 1 1 0 0 0 0 
0 0 0 0 0 1 1 0 0 0 1 1 0 1 0 0 0 1 0 
1 1 0 1 0 0 1 0 1 0 1 0 0 0 0 0 1 0 0 
1 1 0 1 0 0 1 0 1 0 1 0 0 0 0 0 1 0 0 
1 0 1 1 1 0 1 0 1 1 0 1 1 1 1 1 1 0 0 
0 1 0 1 0 0 1 1 0 0 0 1 0 1 1 0 0 0 0 
0 0 0 0 0 0 1 0 1 1 1 1 1 0 0 1 0 0 1 
1 1 0 0 0 0 0 0 0 1 0 0 1 0 0 1 1 0 1 
0 1 0 1 0 0 0 0 0 0 0 1 1 1 0 1 1 1 0 
1 0 1 1 1 1 1 0 1 1 0 0 0 0 0 0 0 0 1 
0 1 0 1 0 0 1 1 0 0 0 1 0 1 1 0 0 0 0 
1 1 0 0 1 0 0 1 0 1 0 1 1 0 1 0 0 1 1 
0 0 1 1 1 1 0 1 1 0 1 0 1 1 1 0 0 0 0 
0 1 1 1 1 0 0 0 1 0 0 1 1 0 1 0 1 1 1 
0 0 0 0 1 1 1 0 1 0 1 1 0 0 1 0 0 1 1 
0 0 0 1 1 0 0 0 1 1 1 0 0 1 0 1 1 0 1 
1 0 0 1 0 1 0 1 1 1 1 1 1 0 0 1 0 1 1 
0 0 0 0 1 1 1 0 1 0 1 1 0 0 1 0 0 1 1 
1 1 0 0 0 0 0 0 0 1 0 0 1 0 0 1 1 0 1 
1 0 0 0 1 1 1 1 1 1 1 0 1 1 1 1 0 0 1 
1 0 0 0 0 1 1 1 0 0 0 1 0 0 0 0 0 1 0 
1 1 0 1 1 1 1 0 1 1 0 1 0 0 0 1 1 0 0 
0 0 0 0 1 1 1 0 0 1 0 0 0 0 0 1 0 1 1 
0 0 1 1 0 0 0 0 1 0 0 0 1 1 0 1 0 0 1 
1 0 1 1 1 1 1 0 1 1 0 0 0 0 0 0 0 0 1 
0 0 1 1 0 0 1 0 1 0 1 0 1 1 0 1 1 1 0 
1 1 0 0 0 0 0 0 0 1 0 0 1 0 0 1 1 0 1 
1 0 1 0 0 0 1 0 0 0 0 1 1 0 1 0 0 0 0 
1 0 0 0 1 1 1 1 1 1 1 0 1 1 1 1 0 0 1 
1 0 1 0 0 0 1 0 0 0 0 1 1 0 1 0 0 0 0 
1 0 1 1 1 0 1 0 1 1 0 1 1 1 1 1 1 0 0 

91 10 4
1 0 0 1 1 0 0 1 0 1 
1 1 0 1 0 0 1 1 1 0 
0 0 1 0 1 0 1 1 0 1 
1 1 0 1 1 1 0 0 0 0 
0 0 0 0 0 0 1 1 1 0 
1 1 1 1 0 1 0 1 0 1 
1 1 1 0 1 1 1 1 0 0 
1 0 0 0 1 1 1 1 1 1 
0 1 1 1 1 1 1 1 1 1 
1 1 1 0 1 0 0 0 1 1 
1 1 1 1 0 1 0 1 0 1 
0 0 1 0 1 0 1 0 0 1 
0 1 0 0 1 1 1 1 0 0 
0 1 0 0 1 1 0 1 0 1 
0 1 0 1 0 0 1 0 0 0 
0 0 1 1 1 1 1 1 0 0 
1 1 1 0 0 0 0 1 0 0 
1 0 0 0 0 0 1 1 0 0 
0 1 1 1 1 1 0 0 1 0 
1 0 1 1 0 0 0 1 1 1 
0 0 0 0 0 1 1 1 0 0 
1 0 0 0 0 0 1 1 0 0 
0 1 1 1 0 1 1 1 0 1 
0 1 0 0 1 0 0 0 1 0 
0 1 1 1 1 0 1 1 0 0 
0 1 0 1 1 0 0 1 1 1 
1 0 0 0 1 0 0 1 1 1 
0 0 1 1 0 1 1 0 1 1 
0 1 0 1 0 0 1 0 1 0 
0 1 1 0 1 0 0 1 1 1 
0 0 0 1 1 0 1 0 1 1 
1 0 1 0 0 0 1 0 0 0 
0 0 0 1 1 0 1 0 0 0 
1 1 1 0 1 0 1 0 1 1 
0 0 0 0 0 0 1 0 0 0 
0 1 1 1 0 0 1 0 0 1 
0 1 1 1 1 1 0 0 0 1 
0 0 0 1 1 1 1 0 1 0 
0 0 0 1 1 1 0 0 1 0 
1 1 1 1 1 0 1 1 0 1 
0 0 0 0 1 0 0 0 1 0 
1 1 0 0 1 0 0 1 0 0 
0 0 0 1 1 0 1 0 1 0 
1 1 0 0 1 0 0 1 0 1 
1 1 0 1 0 0 0 1 0 0 
0 1 1 1 1 1 0 0 0 1 
1 0 0 0 0 0 1 1 0 0 
1 1 0 1 0 0 0 1 0 0 
1 0 0 0 0 0 1 1 0 0 
1 0 0 0 1 1 1 1 1 1 
1 0 0 0 0 0 1 1 0 0 
1 0 0 0 1 1 1 1 1 1 
1 1 1 0 1 1 1 1 0 0 
0 1 1 1 1 1 0 0 0 1 
0 1 1 1 1 0 1 1 0 0 
0 1 1 1 1 1 1 1 1 1 
1 1 1 1 1 0 1 1 0 1 
1 0 1 1 0 0 0 1 1 1 
1 1 0 1 0 0 0 1 0 0 
1 0 0 0 0 0 1 1 0 0 
1 1 0 1 0 0 1 1 1 0 
1 0 0 0 1 1 1 1 1 1 
1 1 1 1 1 0 1 1 0 1 
1 1 0 1 0 0 0 1 0 0 
0 0 0 0 0 0 1 0 0 0 
1 1 0 1 0 0 1 1 1 0 
1 1 1 1 1 0 1 1 0 1 
1 0 0 0 0 0 1 1 0 0 
0 0 0 0 0 1 1 1 0 0 
0 1 1 1 0 0 1 0 0 1 
1 1 0 0 1 0 0 1 0 1 
1 0 1 1 0 0 0 1 1 1 
0 1 1 0 1 0 0 1 1 1 
1 0 1 0 0 0 1 0 0 0 
0 0 1 1 0 1 1 0 1 1 
1 0 0 0 1 1 1 1 1 1 
1 1 1 0 0 0 0 1 0 0 
1 1 1 1 1 0 1 1 0 1 
1 0 0 0 1 1 1 1 1 1 
0 1 1 1 1 0 1 1 0 0 
0 0 0 0 0 0 1 0 0 0 
1 0 1 1 0 0 0 1 1 1 
0 1 1 1 1 0 1 1 0 0 
1 1 0 1 0 0 0 1 0 0 
1 0 0 0 0 0 1 1 0 0 
1 1 0 0 1 0 0 1 0 0 
1 1 1 0 1 1 1 1 0 0 
1 0 0 0 0 0 1 1 0 0 
0 0 0 1 1 0 1 0 1 1 
1 0 1 1 0 0 0 1 1 1 
1 1 0 1 0 0 1 1 1 0 

5 20 16
0 0 0 1 1 1 0 0 0 0 1 0 1 1 0 1 0 0 1 0 
1 0 0 1 1 0 1 0 0 0 0 0 1 0 0 0 1 1 1 1 
1 0 0 1 1 0 1 0 0 0 0 0 1 0 0 0 1 1 1 1 
1 0 0 1 1 0 1 0 0 0 0 0 1 0 0 0 1 1 1 1 
1 0 0 1 1 0 1 0 0 0 0 0 1 0 0 0 1 1 1 1 

95 6 6
0 0 0 1 1 0 
1 0 1 1 1 1 
1 1 1 1 0 0 
0 0 1 1 0 0 
1 0 1 1 1 1 
1 1 1 1 1 1 
1 1 1 1 1 1 
1 0 1 0 1 1 
1 0 0 0 0 0 
0 0 1 1 1 0 
0 1 1 0 0 0 
1 1 0 0 0 0 
1 1 0 1 1 0 
0 0 1 0 0 1 
0 1 1 1 1 0 
0 0 1 0 0 0 
1 1 1 0 0 0 
0 0 1 1 0 0 
0 0 0 1 0 0 
1 0 0 0 1 0 
0 0 1 1 0 1 
0 0 1 1 1 0 
1 1 1 1 0 0 
0 1 0 0 0 1 
1 0 0 1 1 1 
1 1 0 1 1 1 
1 1 0 1 1 0 
1 0 0 1 0 0 
0 0 1 0 0 0 
1 1 0 0 0 0 
1 1 0 1 1 1 
0 1 0 1 1 0 
1 0 0 1 0 0 
1 0 1 0 1 1 
0 1 0 1 1 1 
0 1 0 1 1 0 
1 1 0 0 0 1 
1 1 1 1 1 0 
1 1 0 0 0 1 
0 0 1 1 1 1 
0 1 0 0 0 0 
0 1 1 1 1 1 
0 0 0 1 0 1 
1 1 1 0 0 0 
1 1 1 0 1 1 
1 1 1 1 1 1 
0 0 1 1 1 1 
1 1 0 1 1 0 
1 1 0 0 0 0 
1 0 0 1 0 0 
1 1 0 1 1 1 
0 0 1 0 0 0 
1 1 1 1 1 1 
1 0 0 0 1 0 
0 0 1 1 1 1 
0 0 1 0 0 0 
0 0 1 0 0 0 
0 0 1 1 1 0 
1 1 1 0 1 1 
0 0 1 0 0 1 
0 1 1 0 0 0 
1 1 1 0 0 0 
0 1 1 0 0 0 
0 0 1 1 1 1 
0 1 1 1 1 0 
0 1 0 0 0 0 
1 1 1 1 1 1 
0 0 1 0 0 1 
0 1 1 1 1 0 
0 0 1 1 1 0 
0 1 0 1 1 0 
1 1 1 0 1 1 
1 1 1 0 1 1 
0 0 1 0 0 1 
1 1 1 1 1 1 
1 1 1 1 1 1 
1 0 0 1 1 1 
1 1 1 1 1 1 
1 1 1 1 1 1 
0 1 0 1 1 0 
0 0 1 1 1 1 
0 1 0 1 1 1 
0 1 0 1 1 1 
1 0 1 0 1 1 
1 1 1 0 1 1 
1 0 0 1 0 0 
0 1 0 1 1 0 
1 1 1 1 1 1 
0 1 0 1 1 1 
0 0 1 1 1 0 
0 1 1 1 1 0 
1 1 1 1 1 1 
0 1 0 1 1 0 
0 1 0 0 0 0 
0 0 1 0 0 1 

45 10 5
0 1 1 1 1 0 1 1 0 1 
0 1 1 0 1 1 1 1 1 1 
1 0 0 1 1 0 1 0 0 1 
1 0 1 0 1 1 1 0 0 0 
0 1 0 0 1 0 0 1 0 0 
1 1 0 1 1 0 1 1 0 1 
1 1 0 1 1 1 0 0 0 0 
1 1 1 1 1 1 1 0 1 1 
0 1 1 1 0 0 0 0 0 0 
0 0 1 0 1 0 0 0 1 1 
1 0 0 1 1 0 0 1 1 1 
1 0 0 0 0 0 1 1 0 1 
0 0 1 0 0 0 1 1 1 1 
0 0 1 0 1 0 1 1 1 0 
0 0 1 0 1 0 0 0 1 0 
0 1 0 0 1 1 1 0 0 0 
1 1 0 0 1 1 0 0 1 0 
0 0 0 0 1 0 0 1 1 0 
1 0 1 0 1 0 1 0 0 1 
1 0 0 1 0 1 1 1 0 0 
0 1 0 1 1 1 1 1 1 0 
1 0 0 1 1 1 1 1 1 1 
1 1 0 1 1 0 1 1 0 1 
1 1 0 1 1 0 1 1 0 1 
0 1 1 1 1 0 1 1 0 1 
0 1 1 1 1 0 1 1 0 1 
1 0 0 0 0 0 1 1 0 1 
1 1 0 1 1 0 1 1 0 1 
1 0 0 1 1 0 0 1 1 1 
0 1 0 1 1 1 1 1 1 0 
1 0 0 1 1 0 0 1 1 1 
1 0 0 1 1 0 0 1 1 1 
0 1 1 1 1 0 1 1 0 1 
1 0 0 1 1 0 0 1 1 1 
1 0 0 1 1 0 0 1 1 1 
0 0 1 0 1 0 1 1 1 0 
0 0 1 0 1 0 1 1 1 0 
1 0 0 1 1 0 0 1 1 1 
0 0 1 0 1 0 0 0 1 1 
1 0 0 1 1 0 1 0 0 1 
0 1 1 1 1 0 1 1 0 1 
1 1 0 1 1 0 1 1 0 1 
0 0 1 0 1 0 0 0 1 1 
1 1 0 1 1 0 1 1 0 1 
1 1 0 1 1 1 0 0 0 0 

83 18 8
1 1 1 0 0 0 1 0 1 0 1 1 1 1 0 1 0 0 
0 0 1 1 0 1 1 0 0 0 0 1 1 0 0 0 0 0 
0 1 0 0 0 1 0 0 1 0 0 0 1 1 0 0 0 1 
0 0 1 1 0 0 0 1 1 0 0 0 1 0 1 0 0 0 
0 1 0 0 0 0 1 0 0 1 1 0 1 1 1 0 1 1 
1 0 1 1 1 0 1 0 0 0 1 1 1 1 1 1 0 1 
1 0 0 0 1 0 1 1 0 0 1 0 0 1 0 0 1 0 
0 0 0 1 0 0 0 1 1 1 1 0 0 0 0 1 1 1 
1 1 1 1 0 1 0 0 0 1 1 1 0 1 1 0 0 1 
1 0 1 0 1 1 1 1 1 1 1 1 1 0 0 1 0 0 
1 0 1 1 1 1 1 1 1 1 0 0 0 0 1 1 1 1 
0 1 1 0 0 1 1 1 1 0 0 1 0 1 1 0 0 0 
0 1 1 1 0 1 1 1 0 1 1 1 1 0 1 1 1 1 
1 0 0 0 0 0 0 0 0 1 0 1 1 0 1 0 0 0 
0 0 0 0 1 0 0 1 0 1 0 0 1 0 0 0 1 0 
1 1 1 0 1 1 0 1 1 1 1 1 1 1 1 0 1 1 
0 0 0 1 1 0 1 1 1 1 0 0 0 0 1 0 0 0 
0 1 0 1 0 1 1 0 0 0 1 0 0 1 0 0 0 1 
0 0 0 0 1 0 0 0 0 1 0 0 1 1 1 1 1 1 
0 1 0 0 0 1 0 0 0 1 1 1 1 1 0 1 1 0 
0 1 0 0 0 1 0 0 0 0 1 0 1 1 0 0 1 0 
0 1 0 1 0 1 0 1 0 0 1 0 0 1 1 1 0 0 
0 0 1 0 1 1 0 0 1 0 1 0 1 1 0 1 0 0 
1 0 0 1 1 1 1 0 0 1 1 1 1 0 1 1 1 1 
1 1 0 1 1 0 0 0 0 0 0 1 1 0 0 0 1 1 
1 1 1 0 1 1 0 0 1 0 0 1 0 1 1 0 0 1 
1 1 0 1 0 1 1 0 0 1 1 1 1 0 0 0 1 1 
1 0 1 1 0 0 0 1 1 0 0 0 1 0 0 0 1 1 
1 1 0 1 1 0 1 1 0 0 0 0 1 0 1 0 1 0 
1 1 0 0 0 0 1 1 0 0 1 1 0 1 0 0 1 0 
0 1 1 0 1 1 1 0 0 1 1 0 1 1 1 0 0 1 
1 1 1 0 1 0 1 0 0 0 0 0 0 0 1 0 0 1 
1 0 1 0 1 1 0 0 1 0 1 1 0 0 1 1 0 0 
0 0 0 1 1 1 0 0 1 0 0 1 1 0 0 0 1 1 
1 1 0 0 1 0 0 1 1 0 0 1 1 0 0 1 1 0 
0 0 1 1 1 1 0 1 1 0 0 1 0 1 1 1 0 1 
1 0 1 0 1 0 0 1 1 1 1 0 0 1 1 1 0 0 
0 1 1 1 0 0 0 1 1 1 0 1 0 1 0 1 1 1 
0 1 1 1 1 1 0 1 0 0 0 0 0 0 1 1 0 1 
1 1 0 0 0 0 1 0 1 0 1 0 0 1 0 0 0 0 
1 0 1 0 1 0 0 0 0 0 0 1 0 1 1 1 1 0 
0 1 1 1 1 1 0 1 0 0 0 0 0 0 1 1 0 1 
0 0 0 1 1 1 0 0 1 0 0 1 1 0 0 0 1 1 
0 1 1 1 0 1 1 1 0 1 1 1 1 0 1 1 1 1 
0 1 0 0 0 1 0 0 0 1 1 1 1 1 0 1 1 0 
0 0 1 1 0 0 0 1 1 0 0 0 1 0 1 0 0 0 
0 0 1 1 1 1 0 1 1 0 0 1 0 1 1 1 0 1 
0 0 0 0 1 0 0 1 0 1 0 0 1 0 0 0 1 0 
0 0 0 0 1 0 0 0 0 1 0 0 1 1 1 1 1 1 
0 0 0 1 1 0 1 1 1 1 0 0 0 0 1 0 0 0 
1 0 1 1 1 0 1 0 0 0 1 1 1 1 1 1 0 1 
0 0 0 1 1 1 0 0 1 0 0 1 1 0 0 0 1 1 
1 1 1 1 0 1 0 0 0 1 1 1 0 1 1 0 0 1 
1 1 0 1 1 0 1 1 0 0 0 0 1 0 1 0 1 0 
0 1 0 0 0 1 0 0 0 1 1 1 1 1 0 1 1 0 
1 1 0 1 1 0 0 0 0 0 0 1 1 0 0 0 1 1 
0 0 1 1 0 0 0 1 1 0 0 0 1 0 1 0 0 0 
0 0 0 1 0 0 0 1 1 1 1 0 0 0 0 1 1 1 
0 0 1 1 1 1 0 1 1 0 0 1 0 1 1 1 0 1 
0 1 0 0 0 1 0 0 0 1 1 1 1 1 0 1 1 0 
1 1 0 1 1 0 1 1 0 0 0 0 1 0 1 0 1 0 
1 1 0 1 1 0 1 1 0 0 0 0 1 0 1 0 1 0 
1 1 0 1 1 0 1 1 0 0 0 0 1 0 1 0 1 0 
1 1 0 1 1 0 1 1 0 0 0 0 1 0 1 0 1 0 
0 0 0 0 1 0 0 1 0 1 0 0 1 0 0 0 1 0 
0 1 0 0 0 1 0 0 0 0 1 0 1 1 0 0 1 0 
0 1 0 0 0 1 0 0 0 0 1 0 1 1 0 0 1 0 
0 1 0 0 0 1 0 0 0 0 1 0 1 1 0 0 1 0 
0 1 0 0 0 1 0 0 0 0 1 0 1 1 0 0 1 0 
1 0 1 0 1 0 0 0 0 0 0 1 0 1 1 1 1 0 
0 1 1 1 0 1 1 1 0 1 1 1 1 0 1 1 1 1 
1 1 1 0 0 0 1 0 1 0 1 1 1 1 0 1 0 0 
1 0 1 0 1 0 0 1 1 1 1 0 0 1 1 1 0 0 
0 1 0 1 0 1 0 1 0 0 1 0 0 1 1 1 0 0 
0 1 0 1 0 1 1 0 0 0 1 0 0 1 0 0 0 1 
0 0 0 1 1 1 0 0 1 0 0 1 1 0 0 0 1 1 
0 1 0 0 0 1 0 0 0 0 1 0 1 1 0 0 1 0 
1 1 0 1 0 1 1 0 0 1 1 1 1 0 0 0 1 1 
1 1 1 1 0 1 0 0 0 1 1 1 0 1 1 0 0 1 
0 1 0 0 0 1 0 0 0 0 1 0 1 1 0 0 1 0 
0 0 1 1 1 1 0 1 1 0 0 1 0 1 1 1 0 1 
0 0 1 1 1 1 0 1 1 0 0 1 0 1 1 1 0 1 
0 0 0 1 1 1 0 0 1 0 0 1 1 0 0 0 1 1 

31 11 5
1 1 0 1 0 0 1 1 0 1 1 
0 0 0 1 1 0 1 0 0 1 0 
1 0 1 0 0 1 1 0 1 1 1 
0 1 1 1 1 0 0 1 0 0 0 
0 1 1 1 1 0 1 0 0 1 1 
1 1 0 0 0 0 1 1 0 0 0 
1 1 1 0 0 0 0 0 1 1 0 
1 0 0 1 0 1 1 1 0 0 0 
0 1 1 1 0 1 0 1 1 0 0 
0 0 1 0 0 1 1 1 1 0 1 
0 0 1 0 1 0 0 0 0 1 1 
1 1 1 1 0 0 0 0 0 0 0 
1 0 1 1 1 0 0 1 0 0 0 
1 0 1 1 0 0 1 0 1 0 0 
1 0 0 1 0 1 1 1 0 1 0 
1 1 0 0 0 0 1 1 0 0 0 
1 1 1 0 0 0 0 0 1 1 0 
0 0 1 0 1 0 0 0 0 1 1 
1 0 0 1 0 1 1 1 0 0 0 
1 1 0 0 0 0 1 1 0 0 0 
0 0 0 1 1 0 1 0 0 1 0 
1 1 0 0 0 0 1 1 0 0 0 
0 1 1 1 1 0 1 0 0 1 1 
0 1 1 1 1 0 0 1 0 0 0 
1 0 0 1 0 1 1 1 0 0 0 
0 1 1 1 1 0 0 1 0 0 0 
0 0 0 1 1 0 1 0 0 1 0 
1 0 0 1 0 1 1 1 0 0 0 
1 0 1 1 1 0 0 1 0 0 0 
0 1 1 1 0 1 0 1 1 0 0 
1 1 0 0 0 0 1 1 0 0 0 

82 4 4
1 0 0 0 
0 0 1 0 
0 0 0 1 
1 1 1 1 
0 0 0 1 
0 1 1 0 
1 0 1 0 
0 1 0 1 
1 1 0 1 
1 0 1 1 
1 0 0 1 
0 1 1 1 
0 1 1 0 
1 1 0 0 
0 1 1 0 
0 1 1 1 
1 0 1 1 
1 0 1 0 
1 0 0 1 
1 1 0 0 
0 1 0 0 
1 0 0 0 
0 1 0 0 
1 1 0 1 
1 1 1 0 
1 1 1 0 
0 1 0 1 
1 1 0 0 
0 1 1 1 
1 1 0 1 
0 0 1 0 
0 1 0 0 
1 0 1 0 
1 0 1 0 
0 0 1 0 
1 1 0 0 
1 1 1 1 
0 1 0 1 
0 0 1 0 
1 1 1 1 
1 0 1 1 
1 0 1 0 
1 0 0 1 
1 0 1 1 
0 1 1 1 
1 0 1 0 
0 0 1 0 
0 1 0 1 
1 0 1 1 
1 0 0 1 
0 0 1 0 
1 1 0 1 
1 1 0 1 
1 0 1 0 
0 1 1 1 
1 1 1 1 
1 1 0 1 
1 0 1 0 
1 0 0 1 
0 1 0 1 
0 1 0 1 
1 1 0 1 
1 0 1 1 
1 0 1 0 
1 1 1 0 
1 1 0 0 
0 0 1 0 
0 1 1 1 
1 0 1 0 
0 0 0 1 
0 1 0 0 
1 1 1 0 
0 0 1 0 
1 0 1 0 
1 0 1 0 
1 1 0 0 
0 1 0 1 
1 0 0 1 
1 1 0 0 
1 0 0 1 
0 1 1 1 
1 1 1 1 

97 4 1
1 0 1 1 
0 1 1 1 
1 0 0 1 
0 1 0 0 
0 0 1 1 
1 1 0 0 
1 1 1 1 
1 0 1 1 
0 1 1 1 
0 0 0 1 
0 0 1 1 
1 0 1 0 
1 0 0 0 
1 0 1 1 
1 0 1 1 
0 0 0 0 
1 1 0 1 
1 0 0 1 
1 1 0 1 
0 0 0 1 
0 0 0 1 
1 1 1 1 
1 0 0 1 
1 1 1 1 
1 0 1 0 
0 1 0 1 
0 0 0 0 
1 0 1 0 
1 0 0 1 
1 1 0 1 
0 1 0 0 
0 1 1 0 
1 0 0 0 
0 1 0 1 
0 1 1 0 
0 0 1 1 
0 1 0 1 
0 1 0 0 
0 0 1 1 
0 0 0 1 
1 1 1 0 
0 0 0 1 
1 1 1 1 
1 1 1 1 
0 0 0 1 
1 1 0 0 
1 0 0 1 
0 1 1 1 
1 0 0 1 
0 1 1 1 
0 0 0 1 
0 0 0 0 
0 1 0 0 
0 1 1 1 
1 1 0 0 
0 1 1 1 
1 1 1 0 
1 0 0 0 
0 1 0 0 
0 0 1 1 
1 1 1 1 
0 1 1 0 
1 0 0 0 
0 1 1 1 
0 0 1 1 
1 0 1 1 
1 0 0 0 
0 1 1 1 
0 0 0 1 
0 0 1 1 
0 0 0 1 
0 1 0 0 
1 1 1 0 
1 1 1 1 
1 1 1 1 
0 0 1 1 
1 0 0 0 
0 0 1 1 
1 1 1 1 
0 0 0 1 
1 0 1 0 
1 1 1 0 
1 1 0 0 
1 0 1 0 
1 0 0 1 
1 0 1 1 
0 0 1 1 
0 0 0 1 
0 1 0 0 
1 1 1 0 
0 1 1 1 
1 1 1 1 
0 1 1 1 
0 1 1 1 
0 1 1 1 
1 1 1 1 
0 0 0 0 

91 8 5
0 0 1 0 1 0 0 0 
0 1 1 0 0 1 1 0 
0 1 0 1 1 1 1 1 
0 0 0 0 0 1 0 0 
1 1 1 0 0 0 1 0 
0 1 1 0 1 0 1 1 
1 1 1 1 1 0 0 0 
1 1 1 1 1 0 0 1 
0 0 1 0 1 0 1 0 
0 1 1 0 1 0 0 1 
0 1 0 0 0 1 1 1 
1 0 1 1 1 0 0 1 
1 0 0 0 1 1 1 0 
0 1 0 0 0 0 1 0 
1 1 0 1 0 0 1 0 
0 0 1 1 1 1 0 1 
1 1 0 0 1 0 0 0 
0 1 1 1 1 1 0 1 
0 1 1 0 0 0 1 1 
1 1 0 1 0 1 1 0 
0 0 0 0 0 1 0 0 
0 1 1 1 0 0 0 1 
1 1 0 1 1 0 1 0 
1 1 1 0 0 0 1 0 
0 1 0 1 0 0 0 1 
1 0 0 1 0 0 1 0 
0 1 0 0 1 0 1 1 
0 0 0 1 1 0 0 0 
1 0 0 1 1 1 1 0 
1 0 1 0 1 1 0 0 
1 0 1 1 1 0 1 1 
0 1 0 1 0 0 0 0 
0 0 1 0 1 0 1 0 
0 1 0 1 1 0 0 1 
1 1 0 0 1 0 1 1 
0 1 0 0 0 0 1 0 
1 0 1 0 1 1 1 1 
1 1 0 1 1 0 1 0 
0 0 1 1 0 0 1 0 
0 1 0 1 1 0 1 1 
0 0 0 1 0 1 1 0 
1 1 0 0 0 0 1 0 
1 1 1 1 0 0 0 0 
1 1 0 1 1 1 1 1 
1 0 0 0 0 0 1 0 
1 0 1 0 1 1 1 1 
0 0 0 0 0 1 0 0 
1 0 1 1 1 0 1 1 
1 0 1 0 1 1 1 1 
0 1 1 1 0 0 0 1 
1 0 0 0 1 1 1 0 
1 1 1 0 0 0 1 0 
0 1 1 1 1 1 0 1 
1 1 1 1 0 0 0 0 
1 0 1 0 1 1 1 1 
0 1 0 0 0 0 1 0 
1 1 1 1 1 0 0 1 
1 1 0 0 1 0 1 1 
0 0 1 1 0 0 1 0 
0 1 1 0 1 0 1 1 
0 1 0 1 0 0 0 0 
0 0 1 1 1 1 0 1 
0 1 1 0 1 0 1 1 
0 1 1 1 1 1 0 1 
1 1 1 0 0 0 1 0 
1 0 1 1 1 0 1 1 
1 0 0 0 1 1 1 0 
1 0 1 1 1 0 0 1 
1 1 1 1 1 0 0 1 
1 1 1 1 1 0 0 0 
1 1 1 0 0 0 1 0 
1 0 0 0 1 1 1 0 
1 1 0 1 1 0 1 0 
0 1 1 0 0 0 1 1 
1 0 0 0 0 0 1 0 
1 0 0 0 1 1 1 0 
1 0 0 0 1 1 1 0 
0 1 1 1 1 1 0 1 
0 1 0 1 0 0 0 0 
1 1 1 0 0 0 1 0 
1 0 1 0 1 1 1 1 
0 0 1 1 1 1 0 1 
1 0 1 1 1 0 0 1 
1 0 1 1 1 0 0 1 
1 1 1 0 0 0 1 0 
0 1 1 0 0 1 1 0 
1 1 1 1 1 0 0 1 
1 1 0 1 1 0 1 0 
1 1 1 1 1 0 0 1 
1 1 1 1 1 0 0 1 
0 1 1 0 1 0 1 1 

99 19 12
0 1 0 0 0 1 0 0 1 1 1 0 0 1 0 1 0 1 1 
0 0 1 1 1 0 1 0 0 1 1 0 1 1 1 1 0 0 0 
0 1 0 0 1 1 1 0 0 1 0 0 1 1 1 0 0 1 1 
1 1 0 1 0 1 0 0 0 0 0 0 0 0 1 1 1 0 1 
1 1 1 1 0 0 1 1 1 0 0 0 1 1 0 1 1 0 1 
0 1 0 1 1 0 0 0 0 1 0 0 0 1 1 1 1 1 0 
1 0 1 1 0 0 1 1 1 1 1 1 1 1 1 0 1 0 1 
0 1 0 1 0 1 1 0 1 1 0 0 1 1 0 0 1 0 1 
1 1 0 0 1 0 1 0 0 1 1 1 0 1 1 1 1 0 0 
0 1 0 1 1 0 1 0 0 1 0 0 1 1 0 0 1 0 0 
1 1 0 0 0 1 1 1 0 1 1 1 1 0 0 0 1 1 1 
1 0 0 0 0 1 0 1 0 1 1 0 1 1 0 0 0 1 0 
0 0 1 1 1 0 0 0 1 0 0 0 1 1 0 1 1 1 1 
1 0 1 0 1 1 1 0 0 0 1 0 1 0 1 0 1 1 0 
1 0 1 0 1 1 0 0 1 1 1 1 0 1 1 0 0 1 1 
0 1 0 1 1 1 1 1 0 1 1 0 1 0 0 1 1 0 0 
1 1 1 0 1 1 1 1 0 1 0 1 0 1 0 1 0 0 1 
1 0 1 1 1 0 1 1 1 1 1 0 1 1 1 1 1 0 1 
0 0 1 1 0 1 1 1 1 0 0 1 1 1 0 1 0 1 0 
1 1 1 0 0 0 1 0 0 1 0 0 0 0 1 1 0 0 0 
1 0 1 1 1 1 1 1 0 1 1 1 0 1 1 0 1 1 0 
1 1 1 0 1 1 0 1 0 0 1 1 1 1 0 1 1 0 1 
0 1 0 1 1 0 0 1 0 1 0 0 1 0 1 1 1 0 0 
1 1 0 0 1 0 1 0 0 0 0 0 1 1 0 0 0 0 1 
0 0 0 1 0 0 0 0 0 0 1 0 0 0 0 1 1 1 0 
1 1 1 0 0 0 0 1 0 1 0 0 0 1 0 0 1 1 1 
1 1 1 0 1 0 1 1 0 1 1 1 0 1 0 1 1 1 1 
0 0 0 1 0 1 0 1 1 1 0 1 1 1 1 1 1 1 1 
0 1 0 0 0 1 0 0 1 1 0 0 0 1 0 1 0 0 0 
0 0 1 0 0 1 0 1 0 1 0 1 0 1 0 1 0 1 0 
1 0 0 1 1 1 0 1 1 1 0 1 1 1 1 0 1 0 1 
1 0 1 1 1 0 1 1 1 0 0 1 1 0 0 1 1 0 0 
0 1 1 0 1 1 0 0 1 0 1 0 1 1 0 1 1 1 0 
1 0 0 1 1 1 1 1 0 0 0 1 0 1 0 1 1 0 1 
1 0 1 0 0 0 0 1 0 1 0 0 1 0 1 1 1 0 0 
0 0 1 0 1 1 0 0 1 1 1 0 1 0 0 1 0 1 1 
0 0 1 0 1 0 1 1 0 1 0 0 0 1 1 0 0 1 1 
0 1 0 1 0 1 1 1 1 1 0 1 0 0 0 1 0 1 1 
1 1 1 1 0 1 0 0 1 1 0 1 0 1 1 0 1 0 1 
1 1 0 0 0 0 0 0 1 1 1 1 0 1 0 1 0 0 1 
1 0 1 0 1 0 1 1 1 1 1 1 1 0 1 1 1 1 0 
0 0 1 1 1 0 0 1 0 1 1 1 1 0 0 0 0 1 0 
1 1 1 0 0 0 1 1 1 1 0 1 0 0 1 1 0 1 1 
1 1 1 0 1 1 1 1 0 1 1 1 1 0 0 0 0 1 0 
0 0 1 0 1 0 0 0 1 1 1 1 1 0 0 1 1 1 0 
0 1 1 0 0 0 1 0 0 1 0 0 0 0 1 1 1 0 1 
0 1 0 1 0 1 1 1 0 1 1 0 0 0 1 1 1 1 1 
0 0 1 0 0 0 1 0 0 1 1 1 1 1 0 1 1 1 0 
1 0 0 0 0 1 1 1 0 0 1 1 1 0 1 1 0 0 1 
1 0 1 0 0 0 0 1 0 1 0 0 1 0 1 1 1 0 0 
0 1 0 0 0 1 0 0 1 1 0 0 0 1 0 1 0 0 0 
1 1 1 0 0 0 1 1 1 1 0 1 0 0 1 1 0 1 1 
0 1 0 1 1 0 0 0 0 1 0 0 0 1 1 1 1 1 0 
1 1 0 1 0 1 0 0 0 0 0 0 0 0 1 1 1 0 1 
1 1 1 0 1 0 1 1 0 1 1 1 0 1 0 1 1 1 1 
0 1 0 0 0 1 0 0 1 1 0 0 0 1 0 1 0 0 0 
1 0 1 1 1 0 1 1 1 0 0 1 1 0 0 1 1 0 0 
0 0 1 1 1 0 1 0 0 1 1 0 1 1 1 1 0 0 0 
0 1 0 0 0 1 0 0 1 1 0 0 0 1 0 1 0 0 0 
1 0 1 0 0 0 0 1 0 1 0 0 1 0 1 1 1 0 0 
1 0 1 1 1 0 1 1 1 0 0 1 1 0 0 1 1 0 0 
1 0 1 0 1 1 0 0 1 1 1 1 0 1 1 0 0 1 1 
0 0 1 0 0 0 1 0 0 1 1 1 1 1 0 1 1 1 0 
1 0 1 0 0 0 0 1 0 1 0 0 1 0 1 1 1 0 0 
1 1 0 1 0 1 0 0 0 0 0 0 0 0 1 1 1 0 1 
0 1 0 0 0 1 0 0 1 1 0 0 0 1 0 1 0 0 0 
0 0 1 1 1 0 1 0 0 1 1 0 1 1 1 1 0 0 0 
1 0 1 1 0 0 1 1 1 1 1 1 1 1 1 0 1 0 1 
0 1 0 1 0 1 1 1 1 1 0 1 0 0 0 1 0 1 1 
1 1 1 0 0 0 1 0 0 1 0 0 0 0 1 1 0 0 0 
1 0 1 0 0 0 0 1 0 1 0 0 1 0 1 1 1 0 0 
1 0 1 0 0 0 0 1 0 1 0 0 1 0 1 1 1 0 0 
0 1 0 0 0 1 0 0 1 1 0 0 0 1 0 1 0 0 0 
0 0 1 0 0 0 1 0 0 1 1 1 1 1 0 1 1 1 0 
1 0 0 0 0 1 0 1 0 1 1 0 1 1 0 0 0 1 0 
0 0 1 1 1 0 0 0 1 0 0 0 1 1 0 1 1 1 1 
0 1 0 1 0 1 1 1 1 1 0 1 0 0 0 1 0 1 1 
1 1 0 0 0 1 1 1 0 1 1 1 1 0 0 0 1 1 1 
1 1 1 0 1 0 1 1 0 1 1 1 0 1 0 1 1 1 1 
1 0 1 0 1 1 0 0 1 1 1 1 0 1 1 0 0 1 1 
1 1 0 0 1 0 1 0 0 1 1 1 0 1 1 1 1 0 0 
0 1 1 0 1 1 0 0 1 0 1 0 1 1 0 1 1 1 0 
1 0 1 0 0 0 0 1 0 1 0 0 1 0 1 1 1 0 0 
0 0 0 1 0 1 0 1 1 1 0 1 1 1 1 1 1 1 1 
0 1 0 0 0 1 0 0 1 1 0 0 0 1 0 1 0 0 0 
1 1 1 0 1 0 1 1 0 1 1 1 0 1 0 1 1 1 1 
0 1 0 0 0 1 0 0 1 1 0 0 0 1 0 1 0 0 0 
0 0 1 0 1 1 0 0 1 1 1 0 1 0 0 1 0 1 1 
0 1 1 0 1 1 0 0 1 0 1 0 1 1 0 1 1 1 0 
0 1 0 1 0 1 1 1 0 1 1 0 0 0 1 1 1 1 1 
1 1 0 1 0 1 0 0 0 0 0 0 0 0 1 1 1 0 1 
1 0 1 0 0 0 0 1 0 1 0 0 1 0 1 1 1 0 0 
1 1 0 1 0 1 0 0 0 0 0 0 0 0 1 1 1 0 1 
1 0 1 0 0 0 0 1 0 1 0 0 1 0 1 1 1 0 0 
0 1 0 1 0 1 1 1 1 1 0 1 0 0 0 1 0 1 1 
1 0 0 1 1 1 1 1 0 0 0 1 0 1 0 1 1 0 1 
1 1 1 0 1 1 1 1 0 1 1 1 1 0 0 0 0 1 0 
0 1 0 1 0 1 1 0 1 1 0 0 1 1 0 0 1 0 1 
0 0 1 1 1 0 1 0 0 1 1 0 1 1 1 1 0 0 0 

81 6 4
1 1 1 1 1 0 
1 0 1 0 1 0 
1 0 0 1 1 0 
0 0 1 0 1 1 
0 1 0 0 1 0 
1 0 1 0 1 0 
0 1 1 1 1 0 
1 0 1 1 1 0 
1 1 1 0 0 0 
1 0 0 0 0 1 
0 1 0 1 1 1 
1 1 0 1 0 1 
0 0 1 1 1 0 
0 1 1 0 1 0 
0 0 0 0 1 1 
1 1 0 0 1 1 
0 0 1 0 0 0 
0 1 1 1 0 0 
1 0 1 1 0 1 
0 1 0 0 1 1 
1 1 0 0 0 0 
1 1 1 0 0 0 
0 0 0 1 0 0 
0 1 0 1 0 1 
0 0 1 1 0 0 
0 0 1 0 1 1 
1 0 0 1 0 1 
1 0 1 1 0 0 
0 1 0 0 0 0 
1 1 0 0 1 1 
1 0 0 1 1 1 
1 0 1 0 0 0 
1 0 1 0 0 1 
1 0 0 0 1 0 
0 1 1 0 0 0 
0 1 1 1 0 0 
1 0 1 0 1 1 
1 0 1 0 1 1 
0 1 1 0 1 0 
1 1 1 0 1 0 
0 1 0 1 1 1 
0 1 1 1 1 0 
0 1 1 1 1 0 
0 1 0 0 1 0 
1 0 0 1 0 1 
1 0 0 0 1 0 
0 1 1 1 1 0 
0 1 0 1 1 1 
1 1 1 0 0 0 
1 0 1 0 1 1 
1 0 0 1 1 0 
0 0 1 0 1 1 
0 1 1 1 0 0 
0 1 0 1 1 1 
0 0 1 1 1 0 
1 0 1 1 1 0 
1 0 1 0 1 1 
1 0 1 0 1 1 
1 0 1 0 1 1 
1 1 0 1 0 1 
0 0 0 0 1 1 
0 1 0 1 1 1 
1 0 1 1 0 0 
1 0 1 0 1 0 
1 1 0 1 0 1 
1 1 0 0 1 1 
0 0 1 0 1 1 
1 0 1 0 1 0 
0 0 1 0 1 1 
0 1 1 1 0 0 
0 0 1 0 1 1 
1 1 0 1 0 1 
1 0 1 0 1 1 
0 0 1 1 1 0 
1 0 1 0 1 1 
0 1 1 1 1 0 
0 0 1 0 0 0 
0 1 0 0 1 1 
0 0 1 0 1 1 
1 1 0 1 0 1 
1 1 0 0 0 0 

42 8 1
0 1 0 0 1 0 0 1 
0 1 0 0 0 1 0 0 
0 1 0 1 0 1 0 0 
0 1 1 1 1 1 1 1 
1 1 0 0 0 1 1 1 
0 1 0 1 1 1 1 1 
1 1 0 0 0 1 0 1 
1 0 0 1 1 0 1 1 
1 1 0 0 0 0 1 0 
0 0 1 1 1 1 1 1 
0 0 1 0 0 1 1 1 
1 1 0 0 1 0 1 0 
0 1 0 0 0 1 1 0 
0 1 1 1 0 1 0 1 
0 1 1 1 1 0 1 0 
1 0 0 1 1 1 0 0 
0 1 0 0 1 1 1 0 
0 1 0 0 1 0 0 1 
1 0 1 1 1 1 1 0 
0 0 0 0 0 1 0 1 
1 0 1 0 0 0 0 0 
1 0 1 0 0 0 0 0 
0 1 0 0 0 1 1 0 
0 1 0 0 1 0 0 1 
0 1 0 0 1 0 0 1 
0 1 1 1 1 0 1 0 
1 1 0 0 0 0 1 0 
0 1 0 0 0 1 1 0 
1 0 1 1 1 1 1 0 
1 0 1 0 0 0 0 0 
0 1 1 1 0 1 0 1 
0 1 0 0 0 1 0 0 
1 1 0 0 0 1 1 1 
1 1 0 0 0 1 0 1 
1 0 1 1 1 1 1 0 
0 1 0 0 0 1 0 0 
1 1 0 0 0 0 1 0 
1 1 0 0 0 0 1 0 
1 1 0 0 0 0 1 0 
0 0 1 0 0 1 1 1 
1 1 0 0 0 0 1 0 
1 1 0 0 0 0 1 0
