Input:
6
5 2
4 3
3 4
1 1 0 0 0
1 1 0 0 0
1 1 1 1 1
1 1 1 0 1
1 1 1 1 1
8 2
5 6
6 4
1 1 1 1 1 1 0 0
1 1 1 1 1 1 1 0
1 1 0 1 0 1 1 0
1 1 1 1 0 1 1 0
1 1 1 1 1 1 1 0
1 1 1 1 1 1 1 0
0 0 0 0 0 0 0 0
0 0 0 0 0 0 0 0
10 3
8 2
5 3
7 1
0 0 0 1 1 1 1 1 1 0
1 1 1 1 1 1 1 1 1 0
1 0 0 1 0 0 0 0 1 0
1 1 1 1 1 1 1 1 1 1
1 1 1 1 0 1 0 0 1 1
1 1 1 1 0 1 0 0 1 1
1 1 1 1 0 1 0 0 1 1
1 1 1 1 1 1 1 1 1 1
1 1 1 0 0 1 0 0 1 1
1 1 1 1 1 1 1 1 1 1
15 4
11 15
15 9
1 2
14 3
1 1 1 1 1 1 1 1 1 1 1 1 1 1 1
1 0 1 1 1 1 1 1 1 1 1 1 1 0 1
1 0 1 0 0 0 1 0 0 0 0 1 1 0 1
1 0 1 0 0 0 1 0 0 0 0 1 1 0 1
1 0 1 1 1 1 1 1 1 1 1 1 1 1 1
1 0 1 0 0 0 1 0 0 0 0 1 1 0 1
1 0 1 0 0 0 1 1 1 1 1 1 1 1 1
1 0 1 0 0 0 1 0 0 0 0 1 1 0 1
1 0 1 0 0 0 1 0 0 0 0 1 1 0 1
1 0 1 0 0 0 1 0 0 0 0 1 1 0 1
1 0 1 0 0 0 1 0 0 0 0 1 1 0 1
1 0 1 0 0 0 1 0 0 0 0 1 1 0 1
1 1 1 1 1 1 1 1 1 1 1 1 1 1 1
0 0 1 0 0 0 1 1 1 1 1 1 1 0 1
0 0 1 1 1 1 1 1 1 1 1 1 1 1 1
20 4
13 6
20 4
1 2
17 16
1 1 1 1 1 1 1 1 1 1 1 1 1 1 1 0 0 0 0 0
1 0 1 1 1 1 1 1 1 1 1 1 1 1 1 0 0 0 0 0
1 0 1 0 0 0 0 0 0 0 1 0 0 1 1 0 0 0 0 0
1 0 1 0 0 0 0 0 0 0 1 0 0 1 1 0 0 0 0 0
1 1 1 1 1 1 1 1 1 1 1 1 1 1 1 1 0 0 0 0
1 0 1 0 0 0 0 0 0 0 1 0 0 1 1 1 0 0 0 0
1 0 1 0 0 0 0 0 0 0 1 0 0 1 1 1 0 0 0 0
1 1 1 1 1 1 1 1 1 1 1 1 1 1 1 1 1 1 1 1
1 0 1 0 0 0 0 0 0 0 1 0 0 1 1 1 0 0 1 1
1 0 1 0 0 0 0 0 0 0 1 0 0 1 1 1 0 0 1 1
1 0 1 0 0 0 0 0 0 0 1 0 0 1 1 1 0 0 1 1
1 0 1 0 0 0 0 0 0 0 1 0 0 1 1 1 0 0 1 1
1 0 1 1 1 1 1 1 1 1 1 1 1 1 1 1 0 0 1 1
1 0 1 0 0 0 0 0 0 0 1 0 0 0 1 1 0 0 1 1
1 0 1 0 0 0 0 0 0 0 1 0 0 0 1 1 0 0 1 1
1 0 1 0 0 0 0 0 0 0 1 0 0 0 1 1 0 0 1 1
1 0 1 0 0 0 0 0 0 0 1 0 0 0 1 1 0 0 1 1
1 1 1 1 1 1 1 1 1 1 1 1 1 1 1 1 1 1 1 1
1 1 1 1 1 1 1 1 1 1 1 1 1 1 1 1 1 1 1 1
1 1 1 1 1 1 1 1 1 1 1 0 0 0 0 0 0 0 0 0
5 2
2 1
3 5
1 0 1 1 1
1 1 1 0 1
0 1 1 0 1
0 1 0 1 1
1 1 1 0 1

Output - 
1
2
2
12
15
4
