50

4 3 4
1 0 1 
1 1 1 
1 1 0 
1 1 0 
3 0
2 1
0 2
0 0

4 2 4
1 1 
0 1 
1 1 
1 1 
3 0
0 1
2 1
0 0

6 3 4
0 0 1 
0 0 0 
0 0 1 
0 1 1 
1 0 1 
1 1 0 
2 2
3 1
4 2
3 2

5 4 2
1 1 0 0 
0 0 1 0 
0 1 0 0 
0 0 1 1 
1 0 1 1 
0 0
4 2

18 9 2
1 1 1 0 0 1 1 0 1 
0 0 1 0 0 1 1 1 1 
0 0 0 0 0 0 1 1 1 
0 1 0 1 1 1 1 0 0 
0 0 1 0 1 1 0 0 1 
1 1 1 0 1 1 1 1 1 
1 1 1 0 0 0 0 1 0 
0 0 1 0 1 0 0 0 1 
1 0 1 1 0 1 0 0 0 
1 1 1 1 1 0 1 1 1 
0 0 0 1 0 0 0 0 0 
1 0 1 1 0 0 0 0 1 
0 0 1 0 1 0 0 1 0 
1 0 1 1 0 0 1 1 1 
0 0 1 0 0 1 0 1 1 
0 0 0 0 0 0 1 1 0 
1 1 0 0 1 1 0 0 0 
1 0 1 0 0 0 1 1 0 
8 3
1 6

18 19 4
0 1 1 0 1 1 1 0 0 0 1 0 1 0 0 0 0 0 1 
0 1 0 0 1 0 0 0 0 1 0 1 1 0 0 1 0 0 1 
1 0 0 1 0 1 0 1 1 1 1 1 1 1 0 1 0 0 1 
0 1 1 0 0 1 1 1 0 1 0 0 0 0 0 0 1 1 1 
0 0 0 1 0 1 1 0 0 0 1 1 0 1 1 0 0 1 0 
1 1 1 0 0 0 1 1 1 1 0 0 1 1 0 0 0 0 0 
0 1 1 0 1 1 0 0 1 1 1 0 0 1 1 1 0 1 1 
0 1 0 0 1 0 1 0 0 0 1 0 1 0 1 1 0 0 1 
1 1 1 0 1 1 1 0 0 0 0 0 1 1 1 0 1 0 0 
0 0 1 0 0 1 0 0 0 1 0 0 0 0 1 0 1 1 1 
0 1 0 1 0 0 0 0 0 1 0 0 1 1 0 1 1 0 0 
1 1 0 1 1 0 0 1 0 0 1 1 1 1 1 0 1 0 0 
1 1 0 1 0 1 1 1 0 0 0 0 1 1 1 1 0 0 0 
1 1 1 1 0 0 0 1 0 0 1 1 1 1 1 1 0 1 0 
0 0 0 0 1 0 0 0 1 0 1 0 1 1 1 1 1 1 0 
0 0 0 0 1 1 0 0 1 1 0 1 0 0 1 1 0 1 0 
0 1 1 0 0 1 1 1 0 1 1 0 0 1 1 1 0 0 1 
0 1 0 0 0 0 0 1 1 0 1 0 1 1 1 1 0 0 1 
2 10
12 13
16 13
6 5

11 9 2
1 1 0 1 1 0 0 0 1 
0 0 1 0 1 1 0 0 0 
1 0 1 1 0 0 0 0 1 
1 0 1 1 0 0 0 0 0 
1 1 0 0 0 1 0 1 0 
1 0 0 0 1 1 1 1 1 
1 0 1 1 1 1 1 1 0 
1 1 1 0 0 0 0 0 1 
1 1 0 0 1 0 1 0 0 
1 0 0 1 0 0 0 1 0 
0 0 1 0 0 0 0 1 0 
0 8
6 0

19 7 3
0 1 1 1 1 0 1 
1 1 1 0 1 1 0 
0 0 0 0 0 1 0 
0 0 1 0 0 1 0 
0 0 0 1 1 1 1 
1 0 0 1 0 1 0 
0 0 0 0 1 1 0 
1 0 0 1 0 0 1 
1 1 0 1 1 0 0 
1 0 1 0 1 0 1 
1 1 1 0 1 0 1 
1 0 0 0 1 0 0 
1 1 0 0 0 1 1 
0 1 0 0 0 0 0 
0 0 0 1 0 0 0 
0 1 1 1 1 1 1 
1 0 1 1 1 1 1 
1 1 1 1 1 1 1 
1 1 1 0 0 0 0 
0 3
7 6
5 5

17 10 4
1 1 0 0 1 1 1 1 0 0 
0 1 1 1 0 0 0 0 1 0 
1 1 1 0 1 0 0 0 1 1 
1 1 1 0 1 1 0 1 0 0 
0 0 0 0 0 1 0 1 1 1 
0 0 1 1 0 1 1 1 0 1 
1 1 0 0 1 1 0 0 1 0 
1 1 1 0 1 1 1 0 0 1 
1 0 0 1 1 0 1 0 0 0 
0 0 0 1 1 0 0 0 1 0 
1 1 1 0 0 1 1 1 1 0 
0 0 1 0 0 0 0 0 1 0 
1 1 1 1 1 1 1 1 0 1 
1 0 0 1 1 1 0 1 1 1 
1 0 0 1 0 0 1 1 1 0 
1 1 1 0 1 1 1 1 0 0 
0 1 1 0 1 0 1 0 1 0 
14 7
0 0
15 4
5 2

9 8 4
1 1 0 0 0 0 1 0 
1 0 1 0 1 1 0 1 
0 0 0 1 1 0 1 0 
1 0 0 1 0 0 1 1 
1 1 1 0 1 1 0 0 
0 1 0 0 1 0 1 0 
0 0 1 0 0 1 1 1 
0 1 1 1 1 1 1 1 
1 0 0 1 0 1 0 1 
2 3
6 2
4 2
4 0

9 8 4
1 1 0 1 0 1 1 1 
1 1 0 1 1 1 0 0 
0 1 1 0 0 1 1 1 
0 0 1 1 0 1 1 0 
1 0 1 1 0 0 1 0 
1 1 0 0 1 1 0 1 
1 0 1 1 0 0 1 0 
0 0 0 0 1 1 1 1 
1 1 1 1 1 0 1 1 
4 2
0 1
7 5
6 2

15 8 2
1 0 0 0 1 1 1 0 
1 0 0 1 1 1 1 1 
1 1 1 1 1 0 0 1 
1 1 1 0 1 1 0 1 
0 1 0 1 0 1 0 0 
0 1 1 0 1 0 1 0 
1 0 0 1 1 0 1 0 
0 0 0 0 1 0 0 0 
0 0 1 1 0 0 0 0 
1 1 1 1 0 0 1 0 
1 1 0 0 1 1 1 0 
0 0 1 1 1 1 1 0 
0 1 0 1 1 1 1 1 
1 0 0 0 0 1 1 1 
0 1 1 1 0 0 1 0 
10 0
13 7

10 20 3
1 0 1 0 0 0 1 0 1 0 1 0 1 0 0 1 1 0 0 0 
0 1 0 0 1 1 0 0 0 1 1 1 0 1 1 1 0 1 0 1 
1 1 0 1 1 0 1 1 0 0 1 1 0 0 0 1 1 1 0 1 
1 0 0 1 0 0 1 1 1 1 0 1 1 0 1 1 1 1 0 1 
1 1 1 0 0 1 0 0 0 1 1 0 1 1 0 1 1 0 0 0 
1 0 1 1 1 0 0 0 0 1 1 0 0 0 0 0 1 1 1 1 
0 0 0 1 1 1 1 1 1 0 1 0 1 1 0 0 1 0 0 1 
0 0 0 1 1 0 0 1 1 1 1 0 1 0 0 1 0 0 0 0 
1 1 1 1 0 1 1 1 1 1 1 1 0 1 0 0 1 0 1 0 
0 1 0 1 1 1 1 1 1 0 0 1 0 1 0 1 0 0 0 0 
6 10
4 1
2 6

13 11 3
1 0 1 0 0 1 0 1 1 1 1 
1 0 1 0 0 0 0 0 1 0 0 
1 0 0 1 1 1 0 1 1 0 0 
1 0 1 1 0 0 1 1 0 0 1 
0 1 1 0 1 1 1 1 0 0 0 
1 1 0 0 0 1 0 1 0 0 0 
0 1 0 1 1 1 1 0 1 0 0 
0 1 0 0 0 1 1 1 0 0 1 
0 0 1 0 1 1 0 1 1 1 1 
0 1 1 0 1 0 0 1 1 1 1 
0 0 0 0 0 1 0 0 0 0 0 
0 1 0 0 1 1 1 0 0 0 1 
1 0 0 1 1 0 1 0 1 1 0 
11 10
12 4
3 7

16 16 2
1 1 0 0 1 0 1 0 0 0 0 1 0 0 0 1 
1 1 0 1 1 1 1 0 1 0 0 1 1 1 0 0 
0 1 0 1 0 0 1 0 0 1 0 1 1 1 0 0 
1 1 1 0 0 1 0 1 0 1 1 1 1 0 0 0 
0 0 1 0 0 1 1 1 0 1 1 1 1 1 0 0 
0 1 1 0 1 1 1 1 0 0 0 0 0 0 0 1 
0 0 1 0 1 1 0 1 1 0 1 0 1 0 0 1 
0 1 1 0 0 0 0 1 1 1 1 1 0 0 1 1 
0 1 0 1 0 1 1 0 0 0 1 0 1 1 1 1 
0 0 1 1 0 0 1 1 1 0 1 0 0 1 1 1 
0 0 0 1 1 0 1 0 0 1 1 0 1 0 0 0 
1 1 1 1 1 0 1 0 1 0 1 0 0 0 0 1 
1 0 0 0 0 1 0 1 1 1 1 1 0 1 0 0 
1 0 0 0 1 1 0 1 0 0 1 1 1 0 0 1 
1 1 1 1 0 0 0 1 1 0 1 0 0 0 0 1 
0 0 1 0 1 1 0 0 0 0 0 0 1 1 0 1 
11 0
4 12

5 9 4
0 1 1 1 1 1 1 1 0 
1 1 0 0 1 1 0 1 1 
0 0 1 1 0 1 0 0 1 
1 1 0 0 1 1 0 0 1 
1 0 1 1 1 0 1 0 1 
1 8
1 0
0 1
0 3

5 18 4
1 1 1 1 1 1 0 1 0 0 1 1 0 0 0 1 0 1 
1 0 1 1 0 1 1 1 1 0 1 1 0 1 1 0 1 1 
1 1 0 0 1 1 1 0 0 1 1 1 0 0 0 0 1 1 
0 1 1 1 1 0 1 0 1 0 1 1 0 1 1 1 1 0 
1 0 1 0 1 1 0 1 0 0 0 0 1 0 0 1 0 1 
0 3
1 17
3 16
2 1

13 18 4
0 0 1 0 0 1 0 1 0 0 0 1 0 0 1 1 0 1 
0 0 1 0 0 0 1 0 1 1 1 1 0 0 0 1 0 0 
1 1 1 0 0 1 0 1 1 1 1 0 0 0 0 1 1 1 
0 0 1 0 1 1 1 0 1 1 0 1 0 1 1 1 0 1 
1 1 1 1 0 1 1 1 0 1 1 0 0 1 0 1 0 1 
0 1 1 0 0 1 1 0 1 0 1 1 1 0 0 1 0 0 
1 0 1 1 1 1 1 0 0 1 0 0 1 1 0 1 1 0 
1 1 1 0 0 1 1 0 0 1 0 1 1 1 0 1 1 1 
1 1 1 1 0 1 0 1 0 0 1 0 1 0 0 0 1 0 
0 0 0 1 0 1 1 0 0 1 0 0 1 1 1 0 0 0 
1 0 0 0 0 0 1 1 1 0 0 1 1 0 0 1 1 0 
0 0 1 0 1 1 0 0 1 1 0 1 0 0 0 1 1 0 
0 0 1 1 1 0 0 1 0 0 1 0 0 1 1 0 1 0 
1 11
1 2
9 5
5 5

19 18 2
1 0 0 0 1 0 1 1 0 0 1 1 0 1 1 0 1 0 
0 1 1 1 1 1 0 1 1 0 0 1 0 0 0 1 0 1 
0 0 0 0 0 1 0 0 0 1 1 0 0 0 0 0 0 0 
0 0 1 0 0 1 1 1 1 0 1 1 0 0 0 0 1 1 
0 1 1 0 1 0 0 0 0 0 1 1 1 1 0 0 0 0 
0 0 0 0 1 0 0 0 0 0 0 0 1 1 0 1 0 1 
1 0 1 0 1 0 0 0 0 1 1 0 0 0 0 1 1 0 
0 1 1 1 1 0 1 0 0 1 0 0 0 1 0 1 1 0 
0 0 1 1 1 0 1 1 0 1 1 0 0 0 0 0 0 0 
0 0 1 0 1 1 0 0 1 1 1 1 1 1 0 0 0 1 
1 1 1 1 1 0 0 0 0 1 0 0 1 0 1 1 1 0 
1 1 0 1 0 1 0 0 1 1 0 0 1 0 0 1 1 1 
0 0 1 1 0 0 0 0 1 1 0 0 1 1 1 1 1 1 
0 0 1 0 0 0 0 1 1 1 1 1 1 1 1 0 0 1 
0 1 1 0 1 0 1 1 1 1 1 1 0 1 0 1 0 1 
0 1 0 0 0 1 1 0 0 1 0 1 0 1 1 1 1 1 
1 0 1 1 1 1 1 1 0 0 0 1 1 1 1 1 0 0 
0 0 0 1 0 0 1 1 1 1 1 1 1 1 0 1 0 1 
0 0 0 0 0 0 1 0 1 0 1 1 0 1 0 1 1 1 
16 13
13 13

9 17 4
0 1 0 0 1 1 1 1 1 1 0 0 0 1 1 0 0 
0 0 1 1 1 0 0 0 0 0 0 1 1 1 0 1 1 
0 1 1 1 0 1 1 0 0 1 0 1 0 0 0 1 1 
1 1 1 0 1 1 0 1 0 1 1 0 1 0 0 0 1 
0 1 1 0 1 1 1 0 1 1 0 0 0 1 1 1 0 
0 1 0 0 0 1 1 1 1 1 1 0 0 0 1 1 0 
1 0 1 0 1 1 1 0 1 1 0 1 1 0 1 1 1 
0 0 1 1 1 1 1 1 1 1 0 0 0 0 0 1 1 
1 1 1 1 1 1 1 0 0 0 1 0 1 1 1 1 0 
1 12
6 2
1 16
4 15

11 16 4
0 1 1 1 0 1 1 0 1 1 1 1 0 1 1 0 
1 0 1 0 0 0 0 1 1 1 0 0 0 0 1 0 
0 1 1 0 1 1 1 1 0 1 0 1 1 0 0 0 
0 0 1 1 0 0 1 1 1 1 0 1 0 1 1 0 
0 0 1 0 1 0 1 1 1 0 1 0 0 1 0 1 
1 0 0 0 0 1 0 1 1 0 0 1 0 0 0 0 
0 1 1 1 1 1 0 1 0 1 0 0 0 0 0 0 
0 0 0 1 0 0 1 0 1 0 1 1 0 1 0 0 
0 0 1 0 1 1 0 1 1 1 0 0 1 1 0 0 
1 0 1 1 1 1 1 0 0 0 1 0 1 1 0 1 
1 0 1 0 0 1 1 1 0 0 1 0 0 1 1 0 
3 11
9 6
6 7
3 7

7 7 4
1 1 1 0 0 1 0 
1 1 0 1 0 1 0 
0 0 1 0 0 0 1 
1 1 0 0 1 0 1 
0 0 0 1 0 0 1 
1 1 1 1 0 0 1 
1 0 1 1 1 1 1 
6 3
6 5
3 0
1 5

19 17 4
0 1 0 1 1 1 0 1 1 1 0 0 1 0 1 1 1 
0 0 1 1 0 0 0 1 0 1 1 1 1 0 0 1 0 
0 0 0 1 1 0 1 1 0 1 1 0 1 1 0 1 0 
1 0 1 0 0 0 1 0 1 1 0 0 0 1 0 0 1 
0 1 1 1 0 1 0 1 1 1 0 0 0 0 0 0 0 
1 1 0 1 1 0 0 0 0 1 1 0 0 1 0 0 1 
1 0 1 1 1 1 0 1 1 0 1 1 0 0 0 0 0 
0 0 1 0 1 1 0 0 1 1 1 0 1 1 0 1 1 
0 0 0 1 1 0 0 0 1 1 0 0 1 0 0 1 0 
1 1 1 0 1 0 1 0 1 0 0 0 1 0 1 0 1 
0 0 0 0 1 1 0 0 0 1 0 1 0 0 0 0 1 
1 1 1 1 1 0 0 0 0 1 1 0 0 1 1 0 1 
0 0 1 1 0 1 1 1 1 1 1 0 0 0 1 1 0 
1 0 0 1 0 0 0 1 0 1 0 1 0 0 0 0 0 
1 1 1 1 0 0 1 1 0 1 1 1 0 0 1 0 1 
1 1 0 0 1 1 1 0 0 1 0 0 1 1 1 0 1 
0 0 1 1 0 0 1 1 0 0 1 0 0 0 0 0 1 
0 0 0 1 1 1 1 0 0 1 0 0 0 1 1 0 0 
0 0 0 1 1 0 0 0 0 1 1 1 0 1 0 1 1 
3 16
9 4
2 13
18 15

11 12 2
0 0 1 1 1 0 0 1 0 1 0 0 
0 0 0 1 1 0 0 1 1 1 0 1 
1 0 0 0 1 1 0 0 1 1 0 1 
0 1 0 1 0 0 0 0 1 1 1 1 
0 1 1 1 0 0 1 1 1 0 1 0 
0 1 0 1 1 0 1 1 0 0 0 0 
1 1 0 1 1 0 0 0 0 0 1 0 
0 0 1 1 1 0 1 1 1 1 0 1 
0 0 1 1 1 0 1 1 1 0 1 1 
1 1 1 1 1 0 1 0 0 0 1 0 
0 1 1 0 0 1 1 1 0 0 0 0 
4 6
5 7

12 8 3
1 1 0 1 1 0 0 1 
0 0 0 0 0 1 1 1 
1 1 0 0 0 1 0 0 
1 1 0 1 1 1 1 0 
0 0 0 0 0 1 1 0 
0 0 0 1 0 0 1 0 
0 0 0 0 0 1 0 1 
1 0 0 1 0 1 0 0 
1 1 0 0 0 0 0 1 
0 0 1 1 1 0 1 0 
1 0 1 0 0 0 0 0 
1 1 0 0 0 1 1 1 
8 0
11 7
3 3

8 15 2
1 1 1 1 0 0 1 0 1 0 0 1 1 1 0 
0 0 0 0 1 1 1 0 1 0 1 0 0 0 1 
0 0 0 0 1 0 0 0 0 1 0 0 0 1 1 
1 1 1 0 1 0 1 0 0 1 1 1 0 0 1 
0 0 0 0 0 1 1 1 0 0 1 0 0 0 1 
0 1 1 0 0 1 0 1 1 1 0 1 1 0 0 
0 1 1 1 0 1 1 0 1 1 1 1 0 0 0 
1 0 1 0 1 0 1 1 0 1 1 1 0 0 1 
1 8
3 10

17 12 3
1 1 1 0 0 1 1 0 1 1 0 1 
1 0 0 0 1 1 1 1 1 0 1 1 
0 1 1 0 1 1 1 1 0 0 0 1 
1 1 1 1 0 0 1 0 1 1 0 1 
1 0 0 1 1 1 0 0 1 1 0 0 
1 1 0 1 0 1 0 1 0 1 1 0 
0 1 1 1 0 1 1 0 1 1 1 0 
1 0 1 0 1 1 1 0 0 1 1 1 
0 1 0 1 0 0 0 1 0 0 1 1 
1 0 1 0 0 0 1 1 0 0 1 1 
1 1 0 1 0 1 1 1 0 0 1 1 
0 1 1 1 1 0 0 0 0 1 0 1 
0 0 0 0 0 1 1 0 1 0 1 0 
1 1 0 0 0 1 1 1 0 0 1 1 
1 0 0 1 0 0 1 0 0 1 0 0 
1 0 0 0 1 0 1 0 1 0 1 1 
1 0 1 0 0 0 0 0 0 1 0 0 
5 9
9 7
16 2

11 19 4
1 1 0 0 1 1 0 0 0 0 1 1 1 1 1 1 0 1 1 
0 0 0 1 1 1 1 0 1 0 1 1 0 0 1 1 1 0 1 
0 0 0 0 1 0 1 1 1 1 0 0 1 0 0 0 0 1 0 
1 0 0 0 0 0 1 1 1 0 1 1 1 0 1 1 0 0 1 
1 0 1 0 1 1 1 1 0 1 0 1 0 0 1 0 0 0 1 
1 0 1 1 0 0 1 0 0 1 0 1 0 0 0 1 1 0 0 
0 0 0 1 1 1 0 1 0 0 1 0 1 0 1 0 0 0 0 
0 1 0 1 1 1 1 1 0 0 0 1 1 0 1 0 1 0 0 
0 0 1 0 1 0 1 1 0 1 0 1 0 1 0 0 0 0 0 
0 0 1 0 0 0 0 0 0 1 0 0 1 0 0 1 0 0 0 
1 0 0 1 0 1 1 0 0 0 1 1 0 1 1 0 1 1 1 
2 8
5 15
0 0
8 7

18 5 4
0 1 0 1 0 
0 0 1 1 0 
1 0 0 0 0 
1 1 0 1 0 
0 0 1 1 1 
0 0 0 1 0 
0 1 1 1 1 
1 1 0 1 0 
1 0 1 1 0 
0 1 1 1 0 
0 0 0 0 1 
1 0 0 1 1 
0 1 1 0 1 
1 1 0 1 1 
0 0 1 0 1 
1 1 1 1 1 
1 0 0 1 0 
1 0 1 1 1 
17 4
4 2
9 3
3 3

13 8 4
0 0 1 1 1 1 1 0 
0 0 0 1 1 1 1 1 
1 1 1 0 1 1 0 1 
1 1 1 1 1 0 0 0 
1 1 0 0 0 1 1 1 
1 0 1 0 1 1 0 0 
0 1 1 1 0 0 0 0 
0 1 1 1 1 0 0 0 
1 0 1 0 1 1 0 0 
0 1 1 0 1 1 0 1 
1 0 0 1 0 0 0 0 
1 1 0 1 1 1 0 1 
0 1 0 1 1 0 0 1 
11 3
0 3
9 5
2 0

13 10 2
1 1 0 0 1 1 0 1 0 1 
0 1 0 0 0 0 0 0 1 0 
0 1 0 1 0 0 0 0 1 1 
0 0 0 0 1 0 1 0 1 0 
1 0 0 1 1 0 1 0 0 1 
1 0 0 1 0 1 0 1 0 1 
1 0 1 0 0 0 1 1 0 1 
1 1 0 1 1 0 0 0 0 0 
0 0 1 1 1 0 1 1 1 1 
0 0 1 1 0 1 1 1 0 1 
1 0 0 0 0 1 0 0 0 0 
1 0 1 1 0 1 0 0 1 0 
1 0 0 0 0 1 0 1 0 0 
0 5
8 3

18 11 2
0 0 1 0 0 0 0 1 1 0 1 
1 0 1 1 0 0 0 1 0 0 0 
0 1 0 0 0 1 0 1 0 1 1 
0 1 1 0 0 0 1 1 1 0 0 
1 0 0 0 0 1 0 1 0 1 0 
0 0 1 0 0 0 1 1 0 0 0 
0 1 0 1 0 0 1 0 1 1 1 
1 1 0 0 0 1 0 0 1 0 1 
0 1 1 1 1 1 0 1 0 1 1 
0 1 1 1 0 0 0 1 1 1 0 
1 0 0 0 1 1 1 0 0 1 0 
0 1 0 1 1 0 1 0 1 0 0 
0 1 1 1 0 0 0 1 1 0 0 
1 1 1 0 0 0 0 0 0 0 1 
1 1 1 0 1 1 1 0 1 0 1 
1 0 0 1 0 0 0 1 0 1 0 
0 0 1 1 1 1 0 0 0 0 0 
1 0 1 0 0 0 0 1 0 0 0 
3 1
3 2

6 14 3
0 0 1 0 0 0 0 1 0 1 1 1 0 1 
0 1 1 1 1 0 1 0 1 1 1 0 1 0 
0 0 1 1 0 0 0 0 0 1 1 0 0 0 
0 1 0 1 1 1 1 0 0 0 0 1 1 1 
0 1 0 1 0 1 0 1 1 1 0 1 0 1 
1 0 1 0 1 0 0 0 0 1 1 0 1 1 
3 11
5 2
2 2

17 19 4
1 0 1 1 1 0 1 0 0 0 1 1 0 1 1 1 0 1 1 
1 0 0 0 0 0 1 1 0 1 1 1 1 0 1 1 0 0 1 
1 0 1 1 1 1 0 1 1 1 1 1 0 1 0 0 1 0 0 
0 0 1 0 0 1 1 0 0 0 1 1 0 1 0 0 1 1 0 
0 1 1 1 0 1 0 1 1 0 1 0 1 0 1 1 1 1 0 
0 1 0 0 1 1 0 1 1 0 1 0 0 0 1 0 1 0 1 
0 1 0 1 1 0 1 1 1 1 1 0 1 1 0 0 0 1 1 
1 0 1 0 0 0 0 1 0 1 0 1 0 0 1 0 1 0 0 
1 1 0 1 0 0 0 1 0 1 0 0 1 1 1 1 0 1 1 
0 0 0 1 0 0 1 0 0 1 1 1 1 1 1 1 1 1 0 
1 0 0 1 1 0 0 1 1 1 0 1 1 1 1 1 0 1 1 
1 1 1 0 1 0 1 0 0 0 0 0 1 0 0 1 1 1 1 
1 0 0 1 1 0 0 0 1 0 1 1 0 1 1 1 1 0 1 
1 0 1 0 1 0 1 0 1 0 0 0 1 0 1 0 0 1 0 
0 0 1 0 0 1 1 1 1 0 1 1 0 1 0 1 1 0 0 
0 1 0 0 0 0 1 1 1 0 0 0 0 0 0 1 1 0 0 
0 0 0 0 1 0 0 0 1 1 1 0 0 0 1 0 1 1 0 
8 12
16 14
7 11
7 14

7 12 3
1 0 0 0 0 1 0 1 1 1 1 0 
1 0 0 1 0 1 1 0 0 0 1 1 
1 1 0 1 0 0 1 1 1 1 1 0 
0 0 1 1 1 1 1 1 0 1 0 0 
1 1 0 0 0 0 1 0 1 0 1 1 
0 1 0 1 1 1 0 0 0 0 1 0 
0 0 0 1 0 0 0 1 1 1 1 1 
4 0
1 3
5 10

12 6 4
1 0 0 1 0 1 
0 0 0 0 0 0 
1 1 0 0 0 0 
0 0 0 1 1 0 
1 0 1 1 0 1 
1 1 0 1 0 0 
1 0 0 1 1 0 
0 1 0 0 1 1 
1 1 0 0 1 0 
0 0 1 0 1 0 
0 0 1 0 1 0 
0 0 0 0 1 1 
8 0
9 4
0 3
10 2

6 12 4
1 1 0 0 1 0 0 1 1 0 1 0 
1 1 1 1 0 0 0 1 1 1 0 1 
0 1 1 0 1 0 1 1 0 1 1 1 
0 1 1 1 1 0 0 1 1 1 0 0 
1 0 1 1 1 0 0 1 0 1 1 1 
1 1 1 1 1 0 1 0 0 1 1 1 
5 2
1 1
4 11
5 6

11 13 4
1 0 1 0 0 1 1 1 0 0 1 0 0 
1 0 1 0 0 1 0 0 1 1 1 0 1 
0 1 0 1 0 1 0 1 1 0 0 1 0 
1 0 1 1 1 1 1 1 1 1 1 1 1 
1 0 1 0 1 0 1 0 1 0 0 1 1 
0 1 1 1 0 0 1 0 0 1 1 0 1 
0 1 0 1 1 0 1 0 1 0 0 1 1 
0 0 0 1 0 1 1 1 0 1 0 1 0 
1 0 0 1 0 0 0 0 0 1 1 0 0 
0 1 1 0 1 1 0 0 1 0 1 1 0 
0 0 0 1 1 1 1 1 1 0 0 1 1 
0 2
7 11
7 5
3 6

14 19 3
1 1 1 1 1 1 0 1 0 0 0 0 0 0 0 1 0 0 0 
1 0 0 1 1 0 1 0 1 1 1 1 0 0 0 0 0 1 0 
0 1 0 0 0 0 1 0 0 1 1 0 0 0 1 0 1 0 1 
1 1 0 0 1 0 1 1 1 0 1 0 1 0 1 0 0 1 0 
0 0 1 0 1 1 1 0 0 1 0 0 0 0 1 0 0 1 0 
0 0 1 1 0 0 1 1 0 0 0 0 1 1 1 0 0 1 0 
0 0 1 0 1 0 0 0 0 0 1 0 1 0 1 1 0 1 1 
0 0 1 0 0 0 0 1 1 1 0 1 1 1 0 1 1 0 0 
0 1 1 0 1 1 1 1 1 1 1 0 0 0 0 1 1 0 0 
1 0 1 1 1 0 0 0 0 1 0 0 0 1 0 0 0 0 0 
1 1 1 1 1 1 1 0 0 1 0 1 0 0 1 0 1 1 1 
1 0 0 1 1 0 0 0 1 0 0 1 0 0 1 1 0 0 1 
1 0 0 0 1 1 0 0 0 0 1 0 0 0 1 0 0 1 1 
0 0 1 1 0 1 1 0 1 0 0 1 1 0 1 0 0 0 1 
10 6
1 0
11 15

7 16 2
0 1 1 1 1 1 0 0 1 1 1 1 0 1 1 0 
0 0 0 0 1 0 0 1 0 0 1 0 1 1 1 0 
1 1 0 0 0 0 1 0 1 0 0 0 0 1 0 1 
0 0 1 1 1 0 0 1 0 0 1 1 0 1 1 1 
0 1 1 1 1 1 1 0 0 0 0 0 1 1 0 0 
1 0 0 0 1 0 1 0 0 1 0 1 0 1 0 1 
1 1 1 0 0 1 1 0 0 1 0 0 1 1 1 1 
6 5
4 13

18 11 4
1 0 0 1 1 0 0 1 1 1 1 
0 0 0 1 0 1 0 1 1 1 1 
0 1 0 1 0 1 1 0 1 0 0 
0 0 0 1 1 0 0 1 0 1 0 
0 0 0 0 0 0 0 0 0 1 0 
0 1 1 1 0 1 0 0 0 1 1 
0 0 0 0 1 0 0 0 0 0 1 
0 0 1 1 0 1 0 0 1 0 1 
1 1 0 1 1 0 1 1 1 0 1 
0 1 1 1 0 0 0 0 1 0 0 
1 0 1 1 0 1 0 1 0 0 1 
1 1 1 1 1 1 0 1 1 0 1 
1 1 1 1 0 0 0 0 1 0 0 
0 1 0 0 1 1 1 0 1 1 1 
1 1 1 0 1 1 0 1 1 0 1 
1 0 1 0 0 0 1 0 0 1 0 
1 1 0 0 0 1 0 1 0 0 1 
0 1 1 1 0 0 1 0 0 0 1 
5 2
3 9
5 3
12 1

5 13 2
1 1 0 0 1 0 1 1 0 0 0 1 0 
0 0 1 0 0 0 0 1 1 1 0 0 0 
1 0 0 0 1 0 0 1 1 0 0 0 1 
0 0 1 1 0 1 1 1 0 0 1 1 1 
1 0 1 0 1 1 0 1 1 0 0 1 1 
3 7
4 2

5 13 3
1 1 1 0 1 1 0 0 1 0 0 1 1 
0 1 1 0 0 1 1 0 1 0 0 0 1 
0 0 1 1 1 0 1 0 1 0 1 0 1 
0 1 0 1 0 1 0 0 1 0 1 1 1 
0 0 0 0 0 1 0 1 1 0 1 1 1 
0 1
4 7
1 2

18 17 2
1 1 0 1 1 0 1 0 0 1 0 1 0 1 0 1 0 
0 1 0 1 0 0 1 0 1 0 1 0 1 0 1 1 1 
1 1 0 0 1 1 0 0 1 1 0 1 0 0 1 0 1 
1 1 0 1 0 1 0 1 1 0 1 1 0 0 0 0 1 
0 1 0 0 1 0 1 1 1 1 1 0 1 1 0 1 0 
1 1 0 1 1 1 1 0 0 1 0 1 1 1 0 1 1 
1 1 0 1 0 1 1 0 1 1 0 0 1 1 1 0 0 
0 1 0 0 1 0 1 1 0 0 0 1 0 1 0 1 0 
0 1 0 0 0 1 0 1 0 1 0 1 1 0 0 1 1 
1 1 0 0 1 0 0 1 0 0 0 1 1 1 1 0 0 
1 0 1 0 0 1 0 1 1 1 0 0 0 0 1 0 0 
0 1 1 1 1 1 1 0 1 1 1 1 1 0 0 0 0 
1 1 1 0 1 1 0 1 1 0 0 1 1 0 1 0 0 
0 1 0 0 1 0 0 0 0 1 1 0 1 0 0 0 1 
1 0 1 0 0 0 0 0 1 0 1 1 1 0 1 1 0 
0 1 1 1 1 1 1 0 1 0 0 0 1 0 0 1 1 
0 0 1 1 1 0 1 1 1 1 0 0 0 1 0 1 1 
1 0 1 1 0 0 0 1 1 1 0 1 0 1 1 0 0 
16 2
7 6

8 12 3
0 1 1 1 0 1 1 0 0 1 0 1 
1 0 1 0 0 1 0 1 0 1 0 0 
1 1 0 1 0 0 0 1 1 1 0 1 
0 0 0 0 1 0 1 1 1 1 0 0 
0 0 0 1 0 0 0 0 1 1 0 1 
1 0 0 0 1 1 1 1 0 0 0 1 
0 1 1 1 0 1 0 0 1 0 0 0 
1 0 1 0 0 0 0 1 1 0 1 1 
3 7
0 9
7 8

11 18 3
1 1 1 0 1 1 1 1 0 0 0 0 1 1 0 0 1 1 
0 0 1 1 1 1 1 1 1 0 1 1 1 0 1 1 1 0 
0 0 1 0 1 1 1 0 0 0 0 1 0 0 0 1 1 0 
0 0 0 1 1 1 0 1 0 1 0 1 0 1 0 1 0 1 
0 1 0 1 1 1 1 0 0 1 1 0 1 0 1 0 0 0 
1 0 1 1 1 0 1 1 0 0 0 0 1 1 1 0 1 0 
0 1 0 0 1 0 0 0 0 0 0 0 1 1 0 0 0 0 
1 0 1 0 1 0 0 0 1 1 1 1 1 0 0 1 1 0 
0 1 1 0 1 1 1 1 0 1 1 1 1 0 1 1 0 0 
0 1 1 0 1 1 1 0 1 0 0 0 1 0 1 0 0 0 
1 0 1 1 1 1 0 1 0 0 1 0 0 0 1 0 1 1 
8 12
9 6
3 7

20 7 2
1 1 1 0 0 0 0 
1 0 1 0 0 1 1 
1 0 1 1 0 1 0 
1 1 0 0 0 0 0 
0 1 0 1 0 1 0 
0 0 1 1 1 1 1 
0 1 0 0 0 1 1 
1 0 1 1 1 1 1 
0 0 0 1 1 0 1 
0 1 1 1 1 1 0 
1 0 0 1 1 1 1 
1 0 0 0 1 1 0 
1 0 1 1 0 1 1 
1 0 0 1 0 0 0 
0 0 0 1 0 0 0 
1 0 1 0 1 0 1 
0 0 0 0 1 1 0 
1 0 0 0 1 0 1 
0 0 1 0 0 1 0 
1 1 0 1 1 1 0 
2 0
19 0

18 17 3
0 1 0 0 0 0 1 1 1 1 1 0 0 1 1 0 0 
0 0 0 0 0 0 0 0 1 1 1 0 0 0 0 1 0 
1 0 1 0 1 1 0 1 0 1 0 0 1 0 0 1 0 
0 1 1 1 1 0 1 1 0 1 1 1 0 1 0 1 1 
1 0 0 1 1 1 0 0 1 0 1 1 1 0 0 0 0 
0 0 1 0 1 0 1 1 1 1 1 0 1 1 1 0 0 
1 0 0 1 1 0 0 1 0 0 0 1 0 1 1 1 0 
1 1 1 1 0 1 1 0 1 0 1 0 0 1 1 0 0 
0 0 0 1 1 0 1 0 0 0 1 1 1 1 1 1 1 
0 0 1 0 0 1 0 1 0 1 1 0 0 1 0 1 1 
0 1 1 0 1 1 0 0 0 1 0 0 1 0 0 1 1 
0 0 0 1 0 1 1 1 0 0 0 0 1 1 1 0 0 
1 0 1 0 1 0 1 1 0 1 1 1 1 1 0 0 1 
1 1 0 0 0 0 0 0 1 1 1 0 1 0 0 0 0 
1 0 0 0 1 1 1 1 0 1 0 0 0 1 0 0 1 
0 1 1 1 1 0 0 1 1 0 1 1 0 0 0 1 0 
1 0 0 1 1 0 0 1 0 1 1 0 1 0 0 0 1 
0 1 1 1 0 0 1 1 1 0 0 0 0 0 0 0 1 
10 4
11 13
7 14

19 18 4
0 1 1 1 1 0 0 1 1 0 1 0 0 1 0 1 0 1 
0 1 0 0 1 1 0 0 1 0 0 1 0 0 1 0 1 1 
1 1 0 0 0 1 1 0 1 1 1 0 1 1 1 0 1 0 
0 0 1 1 1 0 0 0 0 0 0 0 0 0 0 1 0 1 
1 0 1 1 0 0 0 1 1 1 1 1 1 1 0 1 0 1 
1 1 0 0 1 0 1 1 1 1 1 0 0 0 0 0 0 1 
1 0 1 0 0 1 0 1 1 0 0 0 0 1 0 0 1 0 
1 1 1 1 1 0 1 1 1 0 1 1 1 1 0 0 1 1 
0 1 1 1 1 1 0 0 0 0 1 0 0 0 0 0 0 1 
1 1 1 1 0 1 0 0 0 1 1 1 0 1 0 1 0 1 
0 0 0 1 1 1 0 1 1 1 0 0 1 1 0 0 0 0 
0 0 1 0 1 0 0 1 0 1 0 0 1 0 0 0 0 1 
1 1 1 1 0 0 0 0 0 0 1 1 1 0 0 0 1 1 
0 1 0 0 1 0 1 0 0 0 0 1 0 0 1 1 0 0 
0 0 1 0 1 1 0 1 1 1 1 1 1 1 0 0 0 0 
1 1 0 0 0 0 0 0 1 0 0 1 1 0 0 0 0 1 
1 0 1 0 1 1 0 1 1 0 1 1 0 1 0 0 0 1 
0 0 1 0 1 0 1 0 1 0 0 0 1 1 1 1 1 1 
0 0 1 0 1 1 0 0 1 0 1 0 0 1 1 0 0 0 
16 13
3 2
3 3
13 15

5 12 4
1 1 1 0 1 1 1 0 0 1 1 0 
1 0 0 0 1 0 1 1 1 1 1 1 
0 1 1 0 0 0 1 0 0 1 1 1 
1 1 1 1 1 1 1 1 0 1 0 1 
0 1 0 0 1 0 1 0 1 0 0 1 
0 10
2 11
0 1
1 10