50

1 0 4 1
4
5 5 9 1 3
7 0 4 7 5
3 1 0 2 3
7 4 4 6 5

18 16 13 5
4
4 3 19 5 5
13 3 18 3 7
16 11 6 15 1
0 15 8 13 5

4 9 2 10
4
4 24 1 22 11
28 23 24 0 15
17 12 2 17 4
16 4 29 2 12

13 7 9 8
5
13 19 4 36 15
20 39 38 38 4
12 6 16 18 12
17 21 0 30 20
0 36 19 10 2

28 12 5 39
2
2 18 35 39 3
25 12 18 15 21

38 23 11 31
1
46 26 24 0 7

66 31 9 23
1
67 16 37 63 9

23 2 54 8
5
7 18 21 47 29
36 69 57 9 18
14 61 15 19 34
77 3 75 37 31
28 0 76 29 35

76 56 69 14
3
60 52 42 33 21
56 45 34 72 1
6 40 44 65 21

9 31 47 28
3
95 85 32 6 41
73 90 80 32 37
82 63 84 55 28

9626 3064 7316 9134
3
7982 5392 7313 8322 2114
8890 2474 1087 5036 4452
6816 9639 657 584 3617

377 1495 3411 4332
2
4651 3072 7870 7639 2141
4373 6377 5040 6260 3

3500 7280 7226 7105
2
3508 8991 1519 8512 479
2425 3555 6910 5056 3609

263 7474 5735 6022
1
302 3603 7653 4960 1059

7786 9761 7878 7325
2
3172 1256 9323 4295 2861
2237 1111 1767 3364 731

5800 3671 6922 7697
2
3262 9968 6060 338 1488
6800 9101 7988 950 1600

6466 408 4820 3210
4
5130 1139 1327 7660 407
7977 3774 9466 4525 1550
2442 8230 2949 8664 2410
8316 5763 1957 9697 2901

8131 7591 4571 5130
3
8196 5694 6305 1074 2444
5141 4312 4420 7589 2214
8415 4724 3299 2060 1697

100 9734 2202 4586
2
6457 6111 712 6746 2415
743 6528 1983 7655 3963

9922 4590 2563 9399
5
2281 791 7324 9302 4626
8314 8131 5425 7323 2057
5290 5562 4565 8103 770
4133 5182 7554 3425 3352
3678 7630 1382 9918 1813

8660 1085 9939 1084
2
4001 8128 1006 6351 4576
3449 9890 8528 4771 442

2351 6298 7445 9453
3
6793 4654 5208 4993 457
6739 2688 5522 2114 230
5968 9459 5198 3315 1762

5122 7090 6635 7745
1
5183 2454 2413 8617 2126

6350 7844 4960 3950
4
3305 3445 4671 682 2568
6688 7932 2038 9812 140
7130 4426 8885 1792 587
5254 3893 3408 4040 4781

1624 2009 7986 7493
2
9903 5592 9063 7712 4206
2524 8810 7080 4870 3531

2025 6092 2082 1397
3
7816 3221 8643 4854 835
9629 6755 9256 6297 38
8216 3836 2249 1326 3731

5729 7793 4635 4307
3
1938 4061 7762 5784 30
9495 254 6451 8256 1800
5113 5251 4972 8144 1331

3158 5873 9201 6939
4
9580 8132 6788 6325 4510
1223 3847 3956 8578 2473
3879 7898 6270 5809 712
8483 3237 1027 759 2081

4271 8482 1580 1170
4
4074 6403 3582 2410 2185
7463 6874 5211 4152 4990
5469 7583 1487 3919 4916
6678 178 8166 3416 1517

3669 7581 6632 5898
1
9883 7160 5549 1474 675

1577 515 1516 1579
2
1792 6343 3201 3488 3939
5733 2129 2589 3584 2946

7617 7706 5858 7837
4
3175 7644 84 7659 1983
1275 4762 8838 3010 3737
1976 2367 7791 8464 248
5748 6513 6459 893 918

5876 7978 7539 9664
3
3014 5929 1330 7695 2249
8611 4998 7156 1775 3652
9691 6498 2279 2905 639

410 2582 8162 5552
3
5771 8824 2377 279 2863
2378 6904 3041 80 2246
5531 5872 8266 6606 1739

7575 187 8600 3321
5
8724 3704 2182 3232 1277
4609 6435 7326 9700 3027
1461 7182 7877 1742 1144
9366 7136 2430 6885 1908
2131 4871 5907 5080 643

2971 5013 4589 4821
1
1213 8310 1997 2967 2136

1336 6410 9634 6732
4
9795 1133 5005 5284 949
3231 6842 7991 2078 4141
6343 6112 9324 1937 481
852 2446 8661 4758 1215

5948 4533 7022 8232
2
8008 2989 600 9301 3642
9439 7712 3230 7490 2097

6228 9241 8757 6900
3
4100 7593 4051 4951 2186
5216 6295 7767 7704 3225
8912 4890 6592 1206 4482

7018 332 7510 3763
1
8644 2101 492 2202 1695

8362 4527 8927 6023
1
9331 3534 8232 49 2607

7046 4372 7860 6508
4
5812 6015 9389 6934 3488
678 3240 8399 6300 4409
8 5229 8375 2894 1478
1241 678 7870 5841 597

4301 8184 4359 9584
2
3457 5125 7823 1906 192
1086 4941 4165 9848 1309

7644 311 128 714
1
3405 2962 5700 8134 2034

4825 1338 3801 4274
5
7240 9366 6818 1180 723
4832 5211 4340 8656 2123
6910 3241 3823 5685 3450
9583 6567 3691 9738 478
6327 4803 1633 8217 3958

6507 2849 1 7767
3
4987 841 4987 8127 4819
8994 656 1062 6857 4038
5391 5718 4034 9203 1597

2597 5766 1140 8431
5
7730 7715 4299 4427 1848
6366 4994 3004 8559 1998
9981 9634 2678 8190 703
3841 4588 715 265 1384
3238 915 4612 3112 1053

5701 5005 7411 3317
1
8572 3219 8983 6164 336

2318 6328 332 4814
2
1930 4966 4893 2528 3372
873 7429 6074 2212 4854

7811 3912 8555 3161
3
5222 9653 4013 2439 3969
3560 1457 2521 4150 4215
9825 890 9589 4389 4940

