1 # 25 0.767523
2 # 58 0.0694671
3 # 40 0.0431597
4 # 19 0.25923
5 # 8 0.142625
6 # 62 0.041285
7 # 33 0.0521534
8 # 3 0.0382039
9 # 23 0.197482
10 # 76 0.0419964
11 # 39 0.0608688
12 # 8 0.2191
13 # 19 0.113941
14 # 19 0.0727705
15 # 69 0.0429638
16 # 65 0.036464
17 # 3 0.1749
18 # 15 0.14
19 # 5 0.316109
20 # 78 0.0844841
21 # 50 0.0609766
22 # 8 0.142618
23 # 8 0.0549012
24 # 9 0.189426
25 # 17 0.0845465
26 # 14 0.0935242
27 # 26 0.109169
28 # 4 0.0734987
29 # 16 0.0857
30 # 7 0.117267
31 # 38 0.0544198
32 # 25 0.0653258
33 # 28 0.61194
34 # 40 0.0376432
35 # 60 0.0389883
36 # 52 0.0347044
37 # 62 0.0433223
38 # 20 0.0723859
39 # 29 0.0638136
40 # 45 0.0447706
41 # 62 0.0373503
42 # 3 0.312158
43 # 12 0.137811
44 # 2 0.677292
45 # 69 0.0412635
46 # 7 0.265771
47 # 54 0.0432158
48 # 6 0.0838906
49 # 17 0.144286
50 # 43 0.070325
