50

6
90 94 
71 48 
45 25 
69 31 
57 27 
40 14 
87 34 
23 1 

5
52 12 
27 54 
94 76 
4 58 
96 93 
65 33 
84 63 

10
45 14 
93 83 
98 83 
46 76 
71 86 
15 0 
20 55 
68 13 
74 54 
9 22 
60 18 
94 74 

6
32 95 88 93 44 90 29 67 52 32 37 53 36 4 89 22 

10
73 7 69 8 9 73 99 84 76 74 40 39 78 38 83 12 6 56 98 51 17 21 80 50 

10
60 96 79 50 41 28 12 5 39 41 52 18 35 39 52 75 62 68 15 20 18 3 91 91 

10
86 26 64 60 16 36 1 49 23 20 17 96 27 93 53 63 42 94 48 94 7 98 1 67 

5
76 49 17 9 37 54 61 55 59 73 97 23 75 97 

7
68 80 96 49 14 66 56 79 4 7 40 72 2 63 45 76 95 74 

5
85 66 10 34 5 35 9 31 47 28 7 95 85 32 

5
40 73 90 80 32 86 82 63 84 55 27 26 64 16 

5
47 82 92 13 22 13 90 74 87 36 51 16 39 57 

7
16 77 95 11 32 6 51 72 70 39 40 73 77 40 60 2 0 80 

9
5 11 8 91 19 12 78 25 55 10 56 8 63 74 35 22 30 2 3 53 60 58 

5
61 78 25 46 72 56 23 95 60 37 11 67 64 30 

7
71 22 97 66 62 68 60 38 87 0 1 88 50 99 66 8 20 10 

6
30 39 27 60 6 77 74 66 25 49 42 30 49 64 9 16 

8
57 97 0 31 91 71 30 47 96 94 5 74 43 41 12 20 89 13 15 24 

6
60 96 0 34 2 86 31 57 11 12 46 14 43 28 83 55 

9
22 90 63 99 84 81 91 24 2 25 14 31 25 23 56 90 62 65 3 69 33 82 

5
25 51 78 30 82 18 12 60 85 39 84 11 1 28 

7
51 75 49 90 28 71 41 51 98 45 53 82 93 54 8 93 56 39 

9
22 14 29 68 59 98 15 61 22 90 35 45 25 83 54 13 17 25 50 44 60 50 

5
5 45 71 82 67 88 32 38 12 39 30 26 85 92 

7
54 93 8 40 80 24 9 86 93 31 3 92 63 12 5 24 10 80 

9
30 25 92 82 97 17 16 21 43 54 34 29 55 56 97 37 16 36 49 26 30 29 

6
35 7 77 38 61 62 84 29 95 54 51 56 99 13 51 72 

5
30 58 73 1 39 13 80 32 88 25 9 23 47 56 

5
72 79 98 70 9 11 83 37 27 59 80 71 82 80 

9
58 74 3 82 10 84 63 74 11 52 89 69 83 87 19 15 78 78 66 16 16 69 

8
32 98 25 83 60 49 74 74 77 15 16 79 16 92 43 1 88 38 33 29 

10
84 45 17 6 58 37 73 75 44 84 59 82 75 62 38 10 36 76 67 91 64 47 48 13 

10
93 17 76 78 39 64 47 14 29 30 95 48 11 98 56 75 51 91 98 79 5 38 10 82 

9
52 42 71 24 77 79 62 78 4 41 80 45 31 72 66 6 38 75 87 0 21 89 

5
4 82 32 76 9 35 26 0 26 61 82 77 42 43 

5
36 30 85 7 31 71 7 80 42 71 13 89 21 55 

10
10 97 67 35 36 10 34 32 28 95 33 5 84 48 31 42 91 78 40 43 12 24 37 80 

7
46 61 58 14 48 33 22 32 26 8 89 0 1 41 39 12 30 90 

9
28 41 57 0 17 0 93 51 51 85 16 95 67 4 24 12 90 92 6 81 18 32 

5
63 10 44 1 92 2 94 62 27 27 23 25 31 34 

9
49 6 46 72 60 8 58 12 15 89 34 87 78 40 99 0 8 8 29 75 94 77 

10
78 70 41 96 1 84 59 84 51 57 25 23 6 91 86 41 65 48 8 44 11 28 14 15 

8
62 0 34 33 25 38 1 74 74 40 66 18 80 22 32 11 40 56 22 10 

8
23 85 49 83 67 91 38 77 27 3 33 17 57 7 49 1 67 27 87 41 

6
27 18 94 56 62 57 37 91 18 34 3 96 97 66 40 31 

7
30 15 99 27 47 66 94 4 59 97 81 34 78 90 2 41 88 15 

10
83 38 15 12 12 52 1 5 11 17 25 72 19 83 64 35 18 28 32 14 66 30 66 93 

5
71 73 29 74 12 53 11 12 55 61 97 22 53 13 

6
68 60 57 21 50 14 25 90 89 89 39 52 11 75 45 6 

5
77 33 76 10 33 59 70 33 50 80 2 22 48 98 
